2
3
5
7
11
13
17
19
23
29
31
37
41
43
47
53
59
61
67
71
73
79
83
89
97
101
103
107
109
113
127
131
137
139
149
33343
16673
151
157
163
167
173
179
181
191
193
197
199
211
223
227
229
233
239
241
251
257
263
269
271
16691
277
281
283
293
307
311
50021
313
317
331
337
66683
347
16693
349
353
33347
359
367
373
379
383
83339
389
397
16699
401
409
419
421
431
433
439
443
449
457
461
463
467
479
487
491
16703
499
503
509
50023
33349
66697
521
523
541
547
557
563
16729
569
571
577
587
593
599
601
607
613
617
619
631
641
643
647
653
659
16741
661
33353
673
677
683
691
701
709
719
83341
66701
727
16747
50033
733
739
743
751
757
761
769
773
787
797
809
811
16759
821
823
33359
827
829
839
853
857
859
863
877
881
16763
883
887
907
66713
911
919
929
937
941
947
953
967
16787
971
83357
50047
33377
977
983
991
997
1009
1013
1019
1021
16811
1031
1033
1039
1049
1051
1061
1063
1069
1087
33391
1091
1093
1097
1103
1109
1117
1123
1129
1151
66721
16823
1153
50051
33403
1163
1171
1181
1187
1193
83383
1201
16829
1213
1217
1223
1229
1231
1237
1249
1259
1277
1279
33409
1283
16831
66733
1289
1291
1297
1301
1303
1307
50053
1319
1321
16843
1327
1361
1367
1373
1381
33413
1399
1409
16871
1423
1427
1429
83389
1433
1439
16879
1447
66739
1451
33427
1453
1459
1471
1481
1483
1487
1489
1493
1499
50069
16883
1511
1523
1531
1543
1549
1553
33457
1559
16889
1567
1571
1579
1583
1597
1601
1607
83399
16901
1609
33461
1613
1619
1621
1627
1637
1657
50077
16903
1663
66749
1667
1669
1693
33469
1697
1699
1709
1721
16921
1723
1733
1741
1747
1753
33479
1759
1777
16927
1783
83401
1787
1789
1801
50087
1811
16931
1823
33487
1831
1847
1861
66751
1867
16937
1871
1873
1877
1879
1889
1901
50093
16943
1907
33493
1913
1931
1933
1949
1951
1973
16963
1979
1987
66763
1993
1997
1999
50101
2003
83407
2011
16979
2017
33503
2027
2029
2039
2053
2063
16981
2069
2081
2083
2087
50111
2089
66791
2099
16987
2111
33521
2113
2129
2131
2137
2141
2143
16993
2153
2161
2179
50119
2203
2207
2213
17011
2221
33529
2237
66797
2239
2243
2251
83417
2267
17021
2269
50123
2273
2281
2287
17027
2293
2297
33533
2309
2311
17029
2333
2339
2341
2347
17033
2351
2357
2371
2377
17041
2381
66809
2383
83423
33547
50129
2389
17047
2393
2399
2411
2417
2423
2437
17053
2441
2447
2459
33563
2467
2473
66821
2477
17077
2503
2521
2531
83431
2539
50131
2543
17093
2549
2551
33569
2557
2579
2591
2593
17099
2609
2617
2621
33577
2633
2647
17107
2657
66841
2659
50147
2663
83437
2671
2677
2683
17117
2687
2689
2693
33581
2699
2707
17123
50153
2711
2713
2719
2729
2731
17137
2741
66851
2749
33587
83443
2753
2767
17159
2777
2789
2791
2797
33589
50159
2801
17167
2803
2819
2833
66853
2837
33599
2843
17183
2851
2857
2861
2879
2887
17189
33601
2897
2903
2909
50177
2917
2927
17191
2939
66863
33613
83449
2953
2957
2963
17203
2969
2971
2999
33617
3001
17207
3011
50207
3019
3023
3037
3041
33619
17209
3049
3061
83459
3067
3079
3083
66877
17231
3089
33623
3109
3119
50221
3121
3137
17239
3163
3167
33629
3169
3181
3187
3191
17257
3203
3209
3217
50227
3221
3229
17291
3251
33637
3253
3257
3259
66883
3271
83471
17293
3299
3301
33641
3307
50231
3313
3319
17299
3323
3329
3331
3343
17317
3347
3359
33647
3361
66889
3371
17321
50261
3373
3389
3391
3407
17327
3413
3433
33679
3449
83477
3457
17333
3461
66919
3463
50263
3467
3469
17341
3491
3499
3511
33703
3517
17351
3527
3529
3533
66923
3539
83497
17359
3541
50273
3547
3557
33713
3559
17377
3571
3581
3583
3593
17383
66931
3607
3613
33721
3617
3623
17387
83537
3631
50287
3637
3643
3659
17389
3671
3673
66943
33739
3677
3691
17393
3697
50291
3701
3709
3719
17401
3727
3733
33749
83557
3739
17417
3761
3767
66947
3769
50311
3779
17419
3793
3797
3803
33751
3821
17431
3823
3833
50321
3847
83561
3851
17443
3853
3863
33757
3877
66949
3881
17449
3889
3907
3911
3917
50329
17467
3919
3923
33767
3929
83563
3931
17471
66959
3943
3947
3967
3989
17477
4001
33769
4003
4007
50333
4013
17483
4019
4021
66973
83579
4027
17489
4049
33773
4051
4057
4073
17491
4079
4091
50341
4093
66977
4099
17497
33791
4111
4127
4129
4133
17509
83591
4139
50359
4153
4157
17519
4159
33797
67003
4177
4201
4211
17539
4217
33809
4219
4229
4231
17551
4241
50363
83597
33811
4243
4253
17569
4259
4261
17573
4271
33827
4273
67021
17579
4283
4289
4297
17581
33829
4327
50377
4337
17597
4339
4349
4357
17599
4363
4373
33851
4391
50383
17609
83609
4397
4409
67033
17623
4421
4423
4441
33857
17627
4447
50387
4451
4457
17657
4463
4481
17659
4483
4493
33863
17669
50411
4507
67043
4513
17681
4517
4519
83617
4523
17683
4547
33871
4549
4561
50417
4567
4583
17707
4591
33889
4597
17713
4603
4621
67049
17729
33893
4637
4639
4643
17737
50423
4649
33911
4651
17747
4657
83621
4663
17749
4673
33923
4679
17761
4691
4703
67057
17783
4721
50441
33931
4723
4729
17789
4733
4751
17791
4759
33937
4783
4787
17807
4789
4793
4799
4801
33941
50459
83639
4813
17827
4817
67061
4831
4861
4871
4877
17837
4889
4903
4909
50461
33961
4919
4931
4933
17839
4937
4943
4951
4957
4967
17851
4969
50497
4973
33967
4987
4993
67073
4999
17863
5003
5009
83641
5011
5021
5023
50503
17881
33997
5039
5051
5059
17891
5077
34019
5081
5087
5099
67079
17903
5101
34031
50513
5107
83653
5113
17909
5119
5147
17911
34033
5153
5167
17921
5171
5179
34039
17923
5189
50527
5197
17929
5209
67103
5227
34057
5231
17939
5233
83663
5237
5261
17957
5273
5279
50539
34061
5281
67121
5297
17959
5303
5309
5323
17971
5333
50543
34123
5347
5351
17977
83689
67129
34127
50549
34129
67139
50551
34141
83701
34147
50581
67141
34157
83717
50587
34159
67153
34171
50591
83719
34183
67157
50593
34211
50599
34213
67169
83737
34217
50627
34231
5381
17981
67181
5387
5393
83761
5399
17987
5407
5413
34253
50647
5417
5419
17989
5431
5437
34259
67187
5441
18013
5443
5449
83773
5471
34261
18041
5477
50651
5479
5483
18043
34267
5501
5503
5507
18047
5519
67189
34273
5521
5527
18049
5531
83777
50671
5557
34283
5563
18059
5569
5573
67211
34297
5581
18061
5591
5623
5639
34301
50683
18077
5641
5647
5651
67213
34303
5653
18089
5657
5659
83791
5669
5683
34313
18097
5689
5693
50707
5701
18119
5711
34319
67217
5717
18121
5737
5741
34327
18127
5743
5749
18131
50723
5779
34337
5783
18133
5791
83813
5801
18143
5807
67219
34351
5813
5821
18149
5827
50741
5839
18169
5843
34361
5849
83833
18181
5851
5857
67231
18191
5861
5867
34367
5869
18199
50753
5879
5881
34369
5897
18211
5903
67247
5923
18217
34381
5927
83843
5939
18223
5953
50767
5981
34403
5987
6007
18229
6011
6029
6037
6043
34421
18233
6047
6053
6067
67261
6073
6079
18251
34429
50773
6089
6091
6101
18253
6113
6121
83857
6131
6133
6143
34439
18257
67271
6151
6163
18269
50777
6173
6197
18287
6199
34457
6203
18289
6211
67273
6217
18301
6221
6229
6247
18307
6257
50789
34469
83869
6263
18311
6269
6271
18313
6277
6287
67289
34471
18329
6299
6301
6311
6317
50821
6323
18341
34483
6329
6337
6343
6353
18353
6359
83873
6361
6367
34487
6373
18367
6379
67307
50833
6389
6397
18371
6421
34499
6427
6449
18379
50839
6451
67339
6469
18397
6473
83891
34501
6481
6491
50849
18401
6521
6529
6547
34511
18413
6551
67343
50857
6553
6563
18427
83903
6569
6571
34513
18433
6577
50867
6581
6599
18439
6607
34519
50873
83911
67349
18443
34537
18451
50891
34543
18457
83921
18461
50893
6619
34549
67369
6637
18481
6653
6659
6661
50909
18493
6673
34583
83933
6679
6689
18503
6691
34589
6701
50923
67391
18517
6703
6709
34591
6719
18521
83939
6733
6737
34603
6761
18523
6763
50929
6779
34607
18539
6781
67399
6791
6793
83969
18541
34613
6803
6823
6827
6829
18553
6833
34631
50951
6841
6857
6863
18583
6869
34649
6871
6883
6899
67409
18587
6907
6911
34651
6917
6947
50957
18593
6949
83983
6959
18617
6961
34667
18637
6967
6971
6977
6983
18661
6991
50969
67411
6997
34673
7001
7013
18671
7019
83987
7027
7039
50971
7043
18679
7057
34679
7069
7079
7103
18691
7109
50989
67421
34687
7121
18701
7127
7129
18713
7151
7159
84011
34693
7177
50993
18719
7187
7193
18731
67427
7207
34703
7211
18743
7213
7219
51001
7229
18749
84017
34721
7237
7243
18757
7247
7253
18773
67429
7283
51031
7297
34729
7307
18787
7309
7321
18793
7331
84047
34739
7333
51043
7349
18797
7351
67433
7369
18803
34747
7393
7411
7417
18839
7433
51047
7451
34757
18859
7457
7459
84053
7477
18869
7481
67447
7487
18899
7489
34759
7499
7507
18911
7517
51059
7523
18913
7529
7537
7541
18917
34763
7547
7549
7559
84059
7561
18919
67453
7573
51061
7577
7583
34781
18947
7589
7591
18959
7603
18973
7607
84061
34807
7621
18979
51071
7639
67477
7643
19001
7649
34819
7669
19009
7673
51109
84067
7681
7687
19013
7691
34841
7699
7703
51131
19031
67481
7717
7723
34843
7727
19037
7741
51133
34847
7753
19051
84089
7757
7759
34849
19069
7789
51137
67489
7793
7817
19073
34871
7823
7829
7841
51151
19079
7853
7867
7873
34877
19081
7877
67493
84121
7879
51157
7883
19087
7901
34883
7907
19121
51169
7919
67499
7927
7933
19139
7937
34897
7949
7951
84127
19141
51193
7963
7993
19157
67511
34913
8009
19163
8011
8017
19181
8039
51197
19183
34919
8053
84131
19207
8059
67523
19211
8069
8081
34939
19213
8087
8089
51199
8093
19219
8101
84137
8111
34949
19231
8117
8123
8147
67531
8161
19237
8167
51203
8171
34961
8179
19249
8191
84143
8209
19259
8219
19267
34963
8221
51217
19273
8231
67537
8233
8237
19289
8243
8263
34981
84163
8269
19301
8273
51229
8287
19309
67547
8291
35023
8293
19319
8297
84179
8311
8317
19333
35027
51239
67559
8329
19373
8353
8363
19379
8369
35051
8377
19381
84181
8387
51241
8389
19387
8419
67567
35053
8423
19391
8429
51257
19403
8431
35059
8443
19417
8447
84191
8461
67577
19421
8467
35069
8501
8513
51263
19423
8521
8527
35081
8537
8539
19427
8543
35083
8563
8573
19429
8581
67579
51283
8597
8599
35089
84199
19433
8609
8623
19441
8627
8629
51287
67589
8641
19447
35099
8647
19457
8663
8669
8677
51307
35107
19463
8681
84211
8689
67601
19469
8693
8699
51329
35111
8707
19471
8713
67607
8719
19477
51341
8731
35117
8737
19483
8741
84221
8747
51343
67619
19489
8753
35129
8761
19501
8779
51347
8783
19507
35141
8803
67631
8807
19531
84223
8819
35149
8821
51349
19541
8831
8837
35153
8839
19543
8849
8861
35159
8863
67651
19553
8867
8887
51361
8893
35171
8923
19559
8929
84229
8933
8941
35201
19571
8951
8963
8969
35221
51383
19577
8971
67679
8999
9001
9007
19583
35227
9011
9013
19597
9029
9041
19603
84239
9043
51407
35251
19609
9049
67699
9059
19661
9067
35257
9091
9103
19681
9109
35267
9127
51413
19687
9133
9137
19697
35279
84247
9151
67709
19699
9157
35281
19709
9161
51419
9173
19717
9181
35291
19727
9187
19739
9199
35311
9203
51421
67723
19751
9209
84263
9221
19753
9227
35317
9239
19759
67733
9241
51427
35323
9257
84299
19763
9277
9281
35327
19777
9283
9293
35339
51431
19793
9311
67741
9319
84307
35353
19801
9323
9337
51437
19813
35363
9341
9343
19819
9349
67751
51439
9371
35381
84313
19841
9377
9391
51449
19843
9397
35393
9403
19853
9413
84317
67757
51461
9419
19861
9421
35401
9431
19867
9433
51473
9437
35407
9439
19889
84319
9461
67759
51479
35419
9463
19891
9467
9473
19913
9479
9491
19919
35423
9497
51481
9511
19927
9521
84347
67763
9533
19937
35437
9539
51487
9547
19949
9551
9587
35447
19961
9601
67777
9613
19963
84349
9619
51503
35449
9623
19973
9629
35461
67783
9631
19979
9643
9649
51511
19991
35491
9661
9677
84377
67789
19993
9679
9689
35507
9697
19997
9719
51517
9721
67801
20011
9733
35509
9739
20021
9743
51521
9749
84389
35521
20023
67807
9767
9769
51539
20029
9781
9787
35527
20047
67819
9791
51551
9803
20051
9811
35531
9817
20063
51563
67829
9829
84391
35533
9833
20071
9839
9851
35537
20089
9857
67843
51577
9859
20101
35543
9871
9883
20107
51581
35569
9887
84401
9901
20113
35573
9907
67853
51593
9923
20117
9929
35591
9931
20123
9941
51599
20129
35593
9949
20143
9967
84407
9973
20147
67867
51607
10007
35597
20149
10009
20161
10037
10039
20173
67883
35603
10061
20177
51613
10067
20183
10069
84421
10079
20201
35617
67891
10091
20219
10093
51631
10099
20231
35671
10103
20233
67901
10111
20249
10133
20261
10139
35677
51637
20269
84431
10141
67927
10151
20287
10159
35729
10163
20297
10169
51647
10177
20323
10181
84437
35731
67931
10193
20327
51659
10211
10223
20333
35747
10243
51673
10247
84443
20341
10253
67933
10259
20347
35753
10267
51679
20353
10271
20357
10273
35759
67939
20359
10289
84449
10301
20369
51683
10303
20389
35771
10313
67943
20393
10321
20399
10331
20407
35797
10333
51691
10337
20411
67957
84457
10343
20431
10357
35801
20441
10369
20443
10391
67961
51713
10399
20477
35803
10427
20479
10429
20483
10433
67967
84463
20507
35809
10453
51719
10457
20509
10459
35831
20521
10463
51721
20533
67979
10477
84467
10487
20543
35837
10499
20549
10501
20551
10513
51749
20563
35839
10529
84481
20593
10531
67987
10559
20599
10567
35851
20611
10589
51767
20627
10597
84499
20639
10601
35863
20641
10607
67993
10613
20663
51769
10627
20681
35869
10631
84503
20693
10639
20707
10651
20717
35879
10657
68023
51787
10663
20719
84509
10667
10687
35897
20731
10691
10709
51797
20743
10711
35899
68041
10723
84521
20747
10729
51803
10733
10739
20749
10753
35911
10771
10781
51817
20753
10789
10799
10831
68053
20759
35923
10837
51827
84523
10847
20771
10853
35933
10859
20773
51829
10861
10867
68059
20789
84533
35951
10883
51839
10889
20807
35963
10891
20809
10903
35969
84551
10909
20849
10937
68071
51853
10939
35977
20857
10949
10957
20873
84559
68087
10973
35983
51859
10979
20879
10987
35993
20887
10993
84589
11003
35999
20897
51869
11027
68099
11047
36007
20899
11057
11059
11069
20903
84629
11071
36011
51871
11083
20921
11087
36013
20929
68111
11093
20939
11113
36017
11117
20947
51893
11119
36037
11131
20959
11149
84631
11159
36061
11161
68113
20963
11171
51899
11173
20981
11177
36067
11197
51907
20983
68141
84649
36073
21001
11213
21011
11239
51913
36083
11243
21013
11251
68147
11257
84653
21017
36097
11261
11273
51929
21019
11279
11287
36107
11299
21023
11311
11317
68161
11321
21031
11329
51941
36109
11351
84659
21059
11353
11369
68171
21061
36131
11383
51949
11393
21067
11399
36137
68207
11411
21089
11423
84673
51971
21101
11437
36151
11443
21107
11447
11467
68209
21121
36161
51973
11471
21139
11483
84691
21143
11489
36187
21149
11491
11497
51977
21157
68213
11503
36191
21163
11519
51991
11527
21169
36209
11549
84697
11551
21179
52009
11579
68219
36217
11587
21187
11593
11597
21191
52021
36229
11617
21193
11621
84701
11633
68227
11657
36241
21211
11677
52027
11681
21221
11689
36251
52051
11699
21227
11701
68239
11717
21247
36263
84713
11719
52057
11731
21269
11743
36269
21277
11777
68261
11779
52067
21283
11783
36277
84719
21313
11789
11801
36293
52069
21317
68279
11807
21319
11813
11821
21323
36299
11827
52081
84731
21341
11831
11833
68281
36307
21347
11839
52103
11863
21377
11867
36313
52121
11887
21379
11897
68311
21383
84737
11903
36319
52127
11909
21391
11923
11927
36341
21397
11933
52147
11939
68329
21401
36343
11941
84751
21407
11953
11959
52153
21419
36353
11969
11971
68351
21433
11981
36373
11987
21467
52163
84761
12007
21481
12011
36383
12037
68371
21487
12041
52177
12043
36389
21491
12049
68389
12071
21493
84787
12073
36433
52181
12097
12101
68399
36451
12107
52183
12109
12113
21499
12119
36457
84793
52189
68437
12143
21503
12149
21517
12157
36467
12161
68443
21521
52201
84809
12163
36469
12197
21523
12203
68447
21529
12211
84811
36473
12227
52223
21557
12239
12241
21559
12251
12253
21563
36479
68449
12263
21569
12269
52237
12277
21577
12281
12289
36493
21587
12301
84827
12323
21589
12329
21599
12343
52249
68473
36497
12347
21601
12373
12377
21611
12379
36523
84857
21613
12391
52253
68477
12401
21617
12409
36527
12413
21647
12421
52259
36529
12433
21649
68483
84859
12437
21661
12451
36541
52267
12457
21673
12473
68489
21683
12479
36551
12487
52289
21701
12491
84869
21713
36559
12497
12503
52291
21727
68491
12511
36563
12517
21737
12527
52301
36571
12539
21739
12541
84871
12547
21751
68501
36583
12553
52313
12569
21757
12577
36587
12583
21767
12589
36599
12601
84913
52321
21773
68507
12611
36607
12613
21787
12619
12637
21799
68521
52361
36629
84919
12641
21803
12647
36637
52363
12653
21817
12659
36643
68531
21821
12671
52369
12689
36653
21839
84947
12697
21841
12703
52379
36671
68539
21851
12713
12721
21859
52387
36677
12739
68543
12743
21863
12757
36683
84961
52391
21871
12763
36691
12781
21881
52433
12791
36697
68567
12799
21893
12809
52453
36709
21911
12821
12823
84967
12829
21929
12841
52457
36713
12853
12889
68581
21937
12893
12899
21943
52489
36721
12907
12911
21961
12917
36739
84977
12919
12923
21977
68597
12941
52501
36749
12953
21991
12959
12967
36761
21997
12973
12979
12983
36767
52511
22003
13001
84979
68611
13003
36779
13007
22013
13009
13033
36781
22027
13037
52517
13043
13049
36787
22031
13063
68633
13093
36791
13099
22037
84991
13103
52529
22039
13109
22051
36793
68639
13121
22063
13127
22067
13147
52541
36809
22073
13151
68659
85009
22079
13159
36821
13163
22091
13171
52543
68669
36833
22093
13177
13183
22109
36847
13187
68683
52553
85021
22111
13217
13219
36857
22123
13229
52561
13241
22129
36871
13249
68687
22133
13259
85027
13267
52567
13291
36877
22147
13297
22153
13309
68699
52571
36887
13313
22157
85037
13327
22159
13331
36899
22171
13337
68711
52579
22189
13339
22193
13367
36901
22229
13381
68713
85049
13397
22247
52583
36913
13399
22259
13411
22271
13417
36919
22273
85061
13421
52609
22277
68729
13441
22279
36923
13451
22283
13457
22291
85081
52627
13463
22303
36929
13469
68737
22307
13477
22343
13487
36931
13499
52631
85087
22349
13513
13523
22367
68743
13537
36943
13553
22369
13567
22381
13577
52639
13591
22391
36947
13597
13613
22397
13619
85091
68749
22409
13627
13633
36973
52667
22433
13649
13669
13679
22441
13681
36979
52673
13687
22447
13691
68767
13693
85093
13697
52691
22453
36997
13709
13711
22469
13721
52697
13723
37003
13729
22481
68771
13751
13757
52709
13759
22483
37013
13763
85103
13781
22501
13789
52711
13799
13807
37019
22511
68777
13829
13831
52721
22531
13841
13859
37021
13873
22541
85109
52727
13877
13879
68791
22543
13883
37039
13901
13903
22549
13907
52733
13913
68813
22567
13921
13931
85121
13933
52747
22571
13963
13967
68819
22573
37049
13997
52757
13999
22613
37057
14009
68821
14011
22619
85133
37061
14029
52769
22621
14033
22637
68863
14051
22639
37087
14057
22643
52783
14071
22651
68879
37097
14081
22669
85147
14083
22679
52807
14087
22691
37117
14107
22697
52813
14143
22699
68881
37123
14149
22709
14153
52817
22717
85159
14159
22721
37139
14173
52837
22727
68891
14177
22739
37159
14197
22741
52859
85193
14207
22751
14221
37171
22769
14243
52861
68897
22777
14249
22783
37181
14251
85199
22787
14281
22807
52879
14293
37189
22811
14303
68899
22817
14321
85201
22853
37199
14323
52883
22859
14327
22861
14341
37201
22871
14347
68903
85213
14369
22877
52889
14387
22901
37217
14389
22907
14401
14407
85223
22921
14411
52901
37223
68909
14419
14423
22937
14431
14437
37243
22943
14447
85229
52903
14449
14461
22961
68917
14479
37253
14489
22963
14503
85237
14519
52919
14533
22973
37273
14537
14543
68927
22993
14549
14551
37277
52937
14557
23003
14561
85243
68947
23011
14563
37307
52951
14591
23017
14593
37309
52957
23021
85247
14621
68963
23027
14627
23029
14629
37313
23039
14633
52963
68993
14639
23041
14653
37321
14657
52967
85259
14669
23053
14683
14699
37337
23057
14713
52973
69001
14717
14723
23059
14731
37339
14737
23063
52981
85297
14741
14747
69011
23071
37357
14753
14759
23081
14767
52999
14771
85303
37361
14779
23087
14783
14797
69019
23099
14813
37363
14821
53003
85313
14827
23117
14831
14843
37369
23131
14851
14867
69029
14869
23143
85331
14879
37379
14887
23159
14891
14897
69031
14923
23167
37397
14929
53017
85333
14939
23173
14947
14951
37409
23189
53047
14957
69061
14969
23197
14983
37423
15013
15017
23201
69067
15031
85361
53051
15053
23203
37441
15061
15073
15077
23209
69073
15083
37447
53069
15091
23227
15101
15107
69109
85363
15121
23251
37463
15131
53077
23269
15137
37483
23279
15139
23291
37489
69119
15149
23293
53087
15161
37493
23297
85369
15173
23311
37501
15187
23321
15193
53089
69127
15199
37507
23327
15217
15227
15233
53093
23333
37511
15241
85381
23339
15259
69143
23357
15263
37517
23369
53101
15269
23371
15271
69149
23399
15277
37529
15287
23417
85411
15289
53113
23431
15299
15307
23447
37537
15313
69151
23459
15319
23473
53117
37547
15329
23497
69163
15331
85427
23509
15349
23531
53129
37549
15359
23537
23539
15361
53147
37561
69191
15373
23549
15377
37567
85429
23557
15383
53149
23561
15391
23563
37571
69193
15401
23567
85439
15413
23581
53161
37573
15427
23593
15439
23599
69197
15443
85447
23603
37579
15451
53171
23609
15461
23623
37589
15467
23627
85451
69203
15473
53173
23629
15493
37591
15497
23633
69221
85453
15511
37607
23663
53189
15527
23669
15541
23671
37619
15551
85469
69233
23677
53197
15559
23687
15569
37633
15581
23689
53201
69239
15583
85487
37643
23719
15601
53231
15607
69247
23741
15619
53233
23743
15629
23747
69257
15641
23753
53239
85513
15643
23761
15647
23767
69259
53267
15649
23773
15661
23789
53269
23801
15667
69263
23813
15671
85517
53279
23819
15679
23827
69313
15683
23831
37649
53281
15727
23833
15731
85523
37657
15733
69317
23857
15737
53299
15739
15749
23869
37663
15761
85531
15767
23873
15773
37691
69337
15787
53309
23879
15791
23887
85549
15797
37693
23893
53323
15803
69341
15809
23899
37699
23909
15817
53327
23911
15823
23917
85571
37717
15859
53353
23929
15877
69371
23957
15881
37747
23971
15887
53359
23977
85577
15889
23981
37781
15901
69379
23993
15907
53377
24001
85597
15913
37783
24007
15919
24019
53381
15923
37799
69383
15937
85601
24023
15959
53401
15971
37811
24029
15973
24043
53407
85607
15991
69389
37813
16001
24049
37831
16007
24061
69401
16033
53411
37847
16057
16061
24071
37853
16063
85619
16067
24077
37861
53419
16069
24083
69403
16073
37871
16087
24091
37879
16091
53437
69427
24097
85621
16097
37889
16103
24103
37897
16111
69431
53441
24107
16127
37907
24109
16139
85627
37951
16141
24113
53453
69439
16183
37957
24121
16187
37963
24133
16189
53479
16193
24137
37967
69457
85639
16217
24151
37987
53503
16223
24169
16229
37991
53507
16231
24179
69463
37993
16249
85643
24181
53527
16253
37997
24197
16267
38011
16273
24203
69467
16301
85661
53549
38039
24223
16319
38047
16333
24229
16339
53551
85667
24239
69473
16349
38053
16361
24247
38069
16363
24251
53569
16369
69481
24281
85669
16381
38083
24317
16411
53591
16417
24329
38113
85691
16421
69491
24337
38119
16427
16433
53593
24359
38149
16447
16451
24371
16453
85703
69493
16477
38153
24373
16481
53597
16487
24379
16493
38167
16519
24391
85711
53609
69497
16529
24407
38177
24413
16547
16553
24419
38183
53611
16561
24421
38189
85717
69499
16567
16573
38197
24439
16603
53617
24443
16607
38201
24469
16619
69539
24473
85733
16631
53623
38219
24481
16633
16649
24499
16651
38231
16657
24509
69557
16661
53629
24517
85751
38237
24527
24533
53633
24547
38239
69593
85781
24551
24571
53639
38261
24593
85793
24611
69623
53653
38273
24623
24631
85817
38281
24659
24671
69653
38287
53657
24677
85819
24683
38299
53681
24691
69661
24697
85829
38303
53693
24709
24733
38317
24749
85831
53699
69677
24763
38321
24767
38327
53717
85837
24781
38329
69691
24793
53719
38333
24799
38351
24809
85843
24821
38371
69697
53731
24841
38377
24847
38393
53759
24851
69709
85847
24859
38431
24877
38447
24889
53773
24907
69737
38449
24917
38453
85853
24919
53777
69739
38459
24923
38461
24943
69761
53783
38501
24953
85889
69763
38543
24967
53791
24971
38557
69767
24977
38561
53813
24979
85903
38567
69779
24989
38569
25013
53819
38593
69809
25031
38603
85909
25033
69821
38609
53831
25037
38611
25057
69827
38629
53849
85931
25073
38639
69829
25087
38651
53857
25097
25111
85933
38653
53861
69833
25117
25121
53881
38669
25127
85991
69847
25147
53887
38671
25153
69857
85999
53891
25163
38677
25169
53897
25171
38693
86011
69859
25183
53899
25189
38699
53917
69877
86017
25219
38707
25229
53923
69899
25237
86027
38711
25243
53927
38713
25247
25253
38723
69911
86029
25261
53939
38729
25301
25303
38737
25307
86069
69929
53951
25309
38747
25321
53959
69931
25339
25343
38749
53987
25349
86077
69941
25357
38767
53993
25367
25373
69959
38783
54001
25391
86083
25409
69991
54011
38791
25411
86111
54013
69997
38803
25423
25439
54037
38821
70001
86113
25447
54049
38833
25453
70003
86117
38839
25457
54059
38851
25463
70009
86131
38861
25469
54083
38867
25471
70019
38873
86137
25523
54091
25537
70039
38891
25541
54101
25561
70051
38903
25577
86143
25579
38917
54121
25583
70061
38921
25589
25601
38923
54133
70067
25603
38933
86161
25609
25621
38953
70079
54139
25633
38959
25639
54151
25643
38971
25657
86171
70099
38977
54163
25667
25673
54167
38993
70111
86179
25679
54181
39019
25693
70117
86183
54193
25703
39023
25717
54217
39041
70121
86197
25733
54251
25741
39043
70123
25747
54269
25759
39047
25763
70139
86201
54277
25771
39079
25793
39089
70141
25799
54287
39097
25801
86209
25819
70157
39103
25841
39107
54293
25847
70163
39113
25849
86239
54311
39119
25867
39133
25873
54319
70177
86243
39139
25889
54323
39157
25903
39161
86249
54331
70181
25913
39163
25919
25931
39181
70183
54347
25933
39191
86257
25939
54361
39199
25943
70199
25951
39209
25969
54367
86263
25981
39217
70201
25997
39227
25999
54371
26003
39229
70207
26017
39233
26021
86269
54377
26029
39239
70223
26041
39241
54401
86287
39251
26053
54403
39293
70229
26083
86291
39301
54409
26099
26107
39313
26111
70237
39317
26113
86293
54413
26119
39323
26141
39341
26153
86297
54419
70241
26161
39343
26171
39359
26177
86311
54421
26183
39367
70249
26189
39371
54437
26203
39373
70271
26209
54443
86323
26227
39383
26237
54449
70289
26249
39397
26251
54469
26261
39409
86341
70297
26263
54493
39419
26267
26293
39439
54497
26297
39443
26309
70309
54499
86351
26317
39451
26321
54503
39461
70313
26339
39499
54517
26347
39503
86353
70321
54521
26357
39509
26371
70327
39511
54539
26387
26393
86357
39521
26399
39541
26407
54541
70351
26417
39551
86369
26423
39563
26431
54547
26437
39569
86371
70373
26449
39581
54559
26459
39607
70379
86381
26479
39619
54563
26489
39623
26497
70381
26501
39631
54577
86389
26513
39659
26539
39667
26557
70393
54581
86399
26561
39671
26573
39679
26591
54583
86413
26597
39703
70423
39709
54601
26627
39719
86423
26633
54617
70429
39727
26641
54623
39733
86441
26647
39749
54629
26669
70439
39761
86453
54631
26681
39769
26683
39779
54647
70451
26687
39791
86461
54667
26693
39799
26699
54673
39821
26701
70457
26711
39827
54679
26713
86467
39829
26717
54709
26723
39839
70459
26729
39841
54713
26731
26737
86477
39847
54721
26759
70481
26777
39857
54727
26783
86491
26801
54751
39863
26813
70487
26821
86501
54767
26833
39869
26839
54773
26849
86509
39877
70489
26861
54779
26863
39883
26879
86531
54787
26881
70501
39887
26891
26893
54799
86533
26903
70507
39901
26921
26927
54829
86539
39929
70529
26947
26951
39937
26953
54833
86561
70537
39953
26959
54851
39971
26981
86573
70549
39979
26987
54869
39983
26993
70571
86579
39989
27011
54877
40009
70573
27017
86587
40013
27031
54881
70583
40031
27043
86599
27059
54907
40037
70589
27061
27067
54917
40039
27073
70607
86627
27077
27091
40063
54919
27103
70619
86629
27107
40087
27109
54941
70621
27127
86677
40093
27143
54949
27179
70627
40099
27191
54959
86689
27197
27211
40111
54973
27239
86693
70639
27241
54979
40123
27253
27259
54983
86711
40127
27271
70657
27277
55001
40129
27281
86719
27283
55009
27299
40151
70663
55021
27329
86729
27337
40153
55049
27361
27367
86743
70667
40163
55051
27397
27407
55057
40169
27409
86753
27427
70687
55061
27431
40177
27437
40189
55073
86767
27449
70709
27457
55079
40193
27479
27481
70717
55103
27487
40213
86771
27509
70729
55109
27527
40231
27529
40237
27539
70753
55117
40241
27541
86783
70769
27551
55127
40253
27581
86813
55147
70783
40277
27583
55163
27611
70793
86837
40283
27617
40289
55171
27631
70823
27647
40343
27653
40351
70841
86843
27673
55201
40357
27689
27691
70843
40361
27697
55207
40387
27701
70849
86851
27733
40423
55213
27737
40427
70853
27739
40429
27743
55217
86857
27749
40433
70867
27751
40459
55219
27763
86861
40471
70877
55229
27767
40483
27773
55243
86869
27779
70879
27791
40487
55249
27793
86923
27799
55259
40493
27803
70891
27809
86927
55291
40499
27817
70901
27823
40507
27827
86929
55313
27847
70913
27851
40519
27883
86939
55331
70919
27893
40529
27901
27917
70921
86951
40531
55333
27919
27941
40543
27943
55337
70937
86959
27947
55339
27953
40559
86969
70949
27961
55343
40577
27967
70951
55351
86981
27983
40583
27997
70957
28001
40591
55373
86993
28019
28027
70969
55381
40597
28031
28051
55399
40609
70979
28057
87011
55411
28069
40627
70981
28081
55439
87013
28087
40637
70991
28097
55441
28099
40639
28109
55457
70997
28111
87037
40693
28123
55469
28151
70999
28163
55487
40697
28181
71011
28183
55501
87041
40699
28201
40709
28211
55511
28219
71023
40739
28229
55529
40751
28277
87049
28279
55541
40759
28283
71039
40763
28289
55547
28297
40771
87071
55579
28307
71059
40787
28309
55589
40801
28319
71069
55603
40813
87083
28349
40819
55609
71081
28351
40823
55619
28387
71089
40829
28393
87103
55621
40841
28403
71119
28409
40847
28411
87107
55631
71129
28429
40849
55633
28433
87119
71143
28439
55639
40853
28447
71147
87121
55661
40867
28463
28477
55663
28493
40879
87133
28499
71153
55667
28513
40883
28517
55673
87149
28537
40897
71161
28541
55681
40903
87151
28547
71167
40927
28549
55691
40933
87179
28559
71171
40939
55697
28571
40949
87181
71191
28573
40961
28579
55711
28591
71209
87187
40973
28597
28603
55717
71233
28607
40993
87211
28619
28621
71237
41011
55721
28627
87221
28631
71249
41017
28643
55733
28649
87223
41023
71257
28657
41039
28661
55763
87251
71261
41047
28663
28669
41051
55787
28687
41057
28697
55793
71263
87253
41077
28703
55799
28711
41081
28723
87257
55807
71287
28729
41113
28751
55813
28753
87277
41117
28759
55817
71293
28771
28789
41131
55819
87281
28793
28807
55823
41141
71317
28813
87293
28817
55829
41143
28837
41149
28843
71327
87299
41161
55837
28859
41177
28867
55843
87313
41179
71329
28871
55849
41183
28879
87317
41189
55871
28901
71333
28909
41201
55889
28921
87323
28927
55897
28933
41203
71339
28949
87337
55901
28961
41213
28979
55903
29009
87359
71341
41221
29017
55921
29021
41227
29023
87383
55927
29027
71347
29033
41231
55931
29059
87403
29063
41233
55933
29077
71353
29101
55949
87407
41243
29123
29129
55967
29131
41257
71359
87421
29137
55987
29147
41263
29153
55997
87427
29167
71363
41269
29173
56003
29179
87433
41281
29191
56009
29201
71387
29207
41299
56039
87443
29209
29221
56041
41333
29231
71389
87473
29243
56053
41341
29251
29269
56081
87481
71399
29287
41351
29297
56087
29303
41357
87491
56093
29311
71411
41381
29327
56099
87509
71413
29333
41387
56101
29339
87511
71419
56113
41389
29347
29363
41399
56123
71429
29383
87517
41411
56131
29387
41413
56149
87523
29389
41443
71437
29399
56167
29401
41453
87539
29411
56171
29423
71443
41467
29429
56179
87541
29437
41479
29443
56197
29453
71453
87547
29473
56207
41491
29483
29501
56209
41507
87553
29527
71471
29531
56237
41513
29537
87557
71473
56239
41519
29567
56249
71479
87559
29569
41521
56263
29573
71483
41539
87583
56267
29581
71503
41543
29587
56269
87587
29599
71527
56299
41549
29611
87589
56311
71537
41579
29629
56333
29633
41593
71549
87613
56359
29641
41597
71551
29663
87623
56369
41603
29669
71563
29671
41609
29683
56377
41611
29717
71569
87629
29723
41617
29741
56383
41621
71593
29753
29759
41627
29761
56393
71597
87631
41641
29789
29803
71633
41647
29819
56401
87641
29833
29837
41651
71647
29851
56417
87643
29863
41659
71663
29867
29873
87649
56431
41669
29879
71671
41681
56437
29881
41687
87671
56443
29917
41719
71693
29921
41729
56453
87679
41737
29927
56467
41759
87683
29947
71699
56473
41761
29959
41771
56477
87691
29983
41777
71707
56479
29989
41801
87697
30011
56489
41809
30013
71711
30029
56501
87701
30047
41813
56503
71713
30059
30071
41843
56509
30089
71719
30091
87719
41849
56519
30097
71741
30103
56527
41851
30109
71761
30113
56531
87721
41863
30119
71777
41879
30133
56533
41887
87739
30137
71789
41893
30139
56543
41897
87743
71807
30161
41903
56569
30169
41911
71809
87751
41927
30181
56591
41941
30187
87767
56597
71821
41947
30197
30203
56599
87793
41953
30211
71837
30223
41957
30241
56611
87797
41959
30253
71843
30259
41969
30269
41981
87803
56629
30271
41983
30293
71849
41999
87811
56633
30307
71861
42013
30313
42017
87833
56659
30319
71867
42019
30323
42023
71879
56663
87853
30341
42043
56671
30347
42061
87869
42071
56681
71881
30367
30389
56687
42073
87877
71887
30391
56701
42083
71899
87881
30403
42089
56711
30427
42101
71909
87887
30431
42131
56713
71917
30449
42139
87911
42157
30467
56731
71933
42169
30469
87917
42179
71941
30491
56737
42181
30493
87931
42187
56747
71947
30497
42193
56767
87943
30509
42197
30517
71963
56773
30529
42209
87959
30539
71971
30553
42221
56779
30557
87961
71983
30559
42223
30577
56783
71987
30593
87973
42227
30631
30637
71993
56807
42239
30643
87977
30649
71999
42257
30661
56809
30671
87991
72019
42281
30677
30689
56813
88001
30697
72031
42283
30703
30707
56821
42293
72043
88003
30713
30727
42299
72047
30757
56827
88007
30763
42307
30773
72053
56843
42323
30781
88019
72073
42331
30803
56857
42337
88037
30809
72077
42349
56873
30817
72089
88069
30829
42359
56891
30839
56893
42373
72091
30841
42379
88079
56897
30851
30853
72101
42391
30859
56909
42397
88093
30869
30871
42403
30881
72103
56911
42407
30893
88117
30911
56921
72109
42409
30931
30937
56923
42433
72139
30941
88129
42437
30949
56929
30971
42443
72161
30977
42451
30983
72167
42457
56941
88169
31013
42461
31019
72169
56951
42463
31033
88177
42467
72173
31039
56957
42473
31051
42487
88211
72211
56963
31063
42491
31069
42499
31079
72221
56983
88223
31081
42509
31091
56989
72223
31121
42533
31123
56993
72227
88237
31139
42557
56999
72229
31147
57037
88241
42569
31151
42571
72251
57041
31153
42577
57047
72253
31159
42589
88259
57059
42611
31177
72269
42641
31181
57073
42643
72271
31183
88261
57077
42649
31189
72277
42667
57089
31193
42677
57097
72287
88289
42683
31219
57107
42689
31223
72307
42697
57119
31231
42701
72313
88301
57131
31237
42703
31247
57139
42709
72337
31249
57143
42719
31253
88321
72341
31259
57149
31267
42727
72353
31271
57163
31277
42737
88327
31307
72367
57173
42743
31319
42751
72379
88337
57179
31321
57191
42767
31327
72383
31333
88339
42773
31337
72421
42787
57193
31357
31379
88379
72431
42793
31387
57203
31391
72461
42797
31393
88397
31397
57221
31469
72467
42821
88411
57223
31477
72469
42829
31481
57241
88423
42839
72481
31489
57251
31511
88427
42841
72493
57259
31513
57269
42853
72497
88463
31517
57271
42859
31531
42863
72503
57283
88469
31541
31543
42899
57287
72533
31547
42901
31567
57301
88471
31573
72547
57329
42923
31583
57331
42929
88493
31601
72551
57347
42937
31607
57349
88499
31627
42943
72559
57367
31643
42953
57373
31649
42961
88513
31657
72577
57383
42967
31663
42979
31667
88523
72613
57389
31687
42989
31699
43003
72617
57397
31721
31723
88547
43013
57413
72623
31727
31729
43019
57427
31741
72643
31751
57457
88589
43037
31769
72647
31771
57467
43049
31793
72649
31799
57487
31817
43051
88591
57493
31847
72661
43063
31849
57503
31859
88607
43067
72671
31873
57527
43093
31883
88609
43103
31891
57529
72673
43117
31907
88643
31957
43133
31963
57557
43151
72679
31973
88651
57559
43159
31981
72689
57571
88657
31991
43177
32003
57587
43189
72701
32009
32027
88661
43201
32029
72707
57593
32051
43207
88663
32057
72719
32059
57601
32063
43223
88667
72727
32069
32077
57637
43237
32083
72733
88681
32089
43261
57641
32099
72739
88721
32117
43271
32119
72763
57649
32141
43283
88729
32143
72767
32159
57653
43291
32173
88741
32183
72797
43313
32189
57667
88747
32191
72817
43319
32203
32213
57679
72823
88771
32233
43321
32237
57689
32251
43331
88789
72859
57697
32257
43391
57709
72869
88793
32261
32297
43397
57713
32299
72871
88799
43399
32303
57719
32309
43403
72883
32321
88801
57727
32323
43411
32327
57731
72889
43427
32341
88807
57737
32353
32359
43441
57751
32363
88811
72893
32369
43451
57773
32371
88813
32377
57781
43457
32381
72901
57787
32401
88817
43481
32411
57791
32413
72907
43487
32423
57793
88819
32429
43499
57803
32441
72911
32443
57809
43517
88843
32467
43541
57829
32479
72923
43543
88853
57839
32491
43573
43577
72931
32497
57847
43579
32503
88861
43591
57853
32507
72937
32531
43597
57859
88867
32533
43607
72949
57881
32537
43609
32561
57899
32563
43613
88873
72953
32569
57901
43627
32573
72959
57917
43633
88883
32579
43649
32587
57923
72973
43651
32603
88897
57943
32609
43661
72977
32611
88903
43669
57947
32621
72997
32633
43691
57973
32647
88919
43711
73009
32653
57977
43717
32687
88937
73013
32693
57991
32707
88951
32713
32717
58013
73019
32719
88969
43721
58027
32749
43753
73037
32771
88993
43759
58031
32779
73039
43777
32783
58043
32789
43781
73043
88997
32797
43783
58049
32801
32803
73061
43787
32831
58057
89003
32833
43789
58061
32839
73063
43793
32843
32869
89009
43801
58067
32887
73079
32909
43853
58073
32911
32917
89017
43867
73091
32933
58099
32939
43889
32941
32957
58109
89021
73121
43891
32969
43913
32971
58111
89041
73127
32983
43933
89051
58129
32987
43943
73133
32993
89057
58147
43951
32999
33013
73141
89069
43961
58151
33023
43963
89071
33029
58153
73181
43969
33037
58169
33049
43973
89083
58171
33053
43987
58189
33071
43991
73189
33073
89087
43997
58193
33083
73237
33091
44017
33107
58199
73243
33113
89101
44021
33119
73259
58207
33149
44027
33151
73277
89107
58211
44029
33161
73291
44041
33179
58217
44053
33181
73303
89113
44059
58229
33191
73309
44071
33199
58231
89119
44087
33203
58237
73327
33211
44089
58243
89123
33223
44101
58271
33247
73331
33287
58309
44111
89137
33289
33301
73351
44119
58313
33311
33317
44123
33329
89153
58321
73361
33331
44129
89189
58337
73363
44131
44159
89203
58363
73369
44171
58367
44179
89209
73379
58369
44189
58379
89213
44201
73387
44203
58391
89227
44207
73417
58393
44221
58403
89231
73421
44249
58411
44257
73433
89237
44263
58417
44267
73453
58427
89261
44269
73459
58439
44273
89269
44279
58441
73471
44281
58451
89273
44293
73477
58453
44351
89293
73483
44357
58477
44371
58481
73517
89303
44381
58511
44383
73523
89317
58537
44389
73529
44417
58543
89329
44449
58549
73547
44453
89363
58567
44483
73553
58573
44491
89371
58579
73561
44497
44501
89381
58601
73571
44507
58603
73583
44519
89387
44531
58613
73589
44533
58631
44537
73597
89393
58657
44543
73607
44549
58661
44563
58679
89399
73609
44579
58687
73613
44587
58693
44617
89413
73637
44621
58699
44623
73643
58711
89417
44633
58727
73651
44641
89431
73673
58733
44647
89443
73679
44651
58741
73681
44657
89449
58757
44683
73693
44687
89459
58763
44699
73699
58771
44701
89477
44711
58787
73709
44729
89491
58789
73721
44741
58831
44753
89501
73727
58889
44771
89513
44773
73751
58897
44777
58901
73757
44789
89519
44797
73771
58907
44809
73783
44819
89521
58909
44839
58913
73819
44843
89527
58921
44851
73823
44867
89533
58937
73847
44879
58943
44887
89561
73849
58963
44893
44909
89563
73859
58967
44917
58979
73867
89567
44927
58991
44939
73877
89591
44953
58997
73883
44959
59009
89597
44963
73897
59011
44971
89599
59021
44983
73907
44987
59023
73939
89603
45007
59029
45013
73943
59051
89611
45053
45061
73951
59053
89627
45077
59063
73961
45083
59069
89633
45119
73973
59077
45121
89653
73999
45127
59083
45131
74017
59093
89657
45137
59107
74021
45139
89659
45161
59113
74027
45179
89669
59119
45181
74047
59123
45191
89671
74051
59141
45197
45233
74071
89681
59149
45247
59159
74077
45259
89689
59167
45263
74093
45281
59183
89753
45289
74099
59197
45293
89759
74101
45307
59207
45317
74131
59209
89767
45319
59219
74143
45329
89779
45337
59221
74149
45341
59233
89783
45343
74159
59239
45361
89797
74161
59243
45377
45389
59263
74167
89809
45403
59273
45413
74177
89819
45427
59281
74189
45433
59333
89821
45439
74197
59341
45481
89833
45491
59351
74201
45497
59357
89839
74203
45503
59359
45523
74209
89849
45533
59369
45541
74219
59377
89867
45553
59387
74231
45557
89891
45569
59393
74257
45587
59399
89897
45589
74279
59407
45599
89899
74287
45613
59417
45631
89909
59419
74293
45641
59441
45659
74297
89917
45667
59443
45673
74311
89923
59447
45677
74317
59453
45691
89939
45697
59467
74323
45707
89959
59471
45737
74353
59473
45751
89963
74357
45757
59497
45763
89977
74363
59509
45767
59513
45779
89983
74377
45817
59539
74381
45821
89989
59557
45823
74383
59561
45827
90001
45833
74411
59567
45841
90007
59581
74413
45853
59611
45863
90011
74419
45869
59617
90017
45887
74441
59621
45893
59627
74449
90019
45943
45949
59629
74453
90023
45953
59651
45959
74471
59659
90031
45971
74489
59663
45979
90053
45989
59669
74507
46021
59671
90059
46027
74509
59693
46049
90067
74521
46051
59699
46061
59707
74527
90071
46073
59723
46091
74531
90073
46093
59729
74551
46099
59743
90089
46103
74561
59747
46133
90107
59753
46141
74567
46147
90121
59771
74573
46153
59779
46171
90127
74587
59791
46181
74597
90149
46183
59797
46187
74609
59809
90163
46199
59833
74611
46219
90173
59863
46229
74623
46237
59879
90187
74653
46261
59887
46271
90191
74687
59921
46273
74699
46279
59929
90197
46301
59951
74707
46307
90199
59957
46309
74713
59971
90203
46327
74717
46337
59981
90217
46349
74719
59999
46351
60013
90227
74729
46381
60017
46399
74731
90239
46411
60029
74747
46439
90247
60037
46441
74759
60041
46447
90263
74761
60077
46451
90271
46457
60083
74771
46471
60089
90281
74779
46477
60091
46489
74797
90289
46499
60101
46507
74821
60103
90313
46511
60107
74827
46523
90353
60127
46549
74831
46559
60133
90359
74843
46567
60139
46573
90371
74857
60149
46589
60161
74861
46591
90373
46601
60167
74869
90379
46619
60169
74873
46633
60209
90397
46639
74887
60217
46643
90401
46649
74891
60223
46663
74897
46679
90403
60251
74903
46681
60257
90407
46687
74923
60259
46691
60271
46703
90437
74929
46723
60289
90439
74933
46727
46747
60293
90469
74941
46751
60317
90473
74959
46757
90481
60331
46769
75011
60337
46771
75013
90499
60343
46807
75017
60353
46811
75029
60373
90511
46817
75037
60383
46819
90523
60397
75041
46829
46831
60413
90527
75079
46853
60427
46861
75083
90529
60443
46867
75109
60449
46877
90533
46889
75133
60457
46901
90547
60493
75149
46919
46933
60497
90583
75161
46957
60509
46993
75167
90599
60521
46997
75169
60527
47017
90617
47041
60539
75181
90619
47051
60589
75193
47057
60601
90631
47059
75209
60607
47087
90641
47093
75211
60611
47111
60617
90647
75217
47119
60623
47123
90659
47129
60631
75223
47137
60637
90677
75227
47143
60647
47147
90679
75239
60649
47149
47161
60659
75253
90697
47189
60661
75269
47207
90703
60679
47221
75277
60689
90709
47237
75289
47251
60703
90731
47269
60719
75307
47279
90749
60727
47287
75323
60733
90787
47293
60737
75329
47297
60757
90793
47303
75337
60761
47309
75347
90803
47317
60763
47339
75353
60773
90821
47351
75367
60779
47353
90823
60793
47363
75377
47381
60811
90833
75389
47387
60821
47389
75391
90841
60859
47407
75401
60869
47417
90847
47419
60887
75403
47431
90863
60889
75407
47441
60899
90887
47459
75431
60901
47491
75437
90901
47497
60913
47501
60917
75479
90907
47507
60919
75503
47513
90911
60923
47521
75511
47527
60937
90917
47533
75521
60943
47543
90931
60953
75527
47563
60961
47569
75533
90947
47581
61001
75539
47591
90971
61007
47599
75541
61027
47609
90977
75553
47623
61031
47629
90989
75557
61043
47639
61051
75571
47653
90997
47657
61057
75577
47659
91009
61091
47681
75583
61099
47699
91019
75611
47701
61121
47711
75617
91033
61129
47713
75619
61141
47717
91079
47737
61151
75629
47741
91081
61153
75641
47743
61169
47777
91097
75653
61211
47779
75659
91099
47791
61223
47797
75679
61231
91121
47807
61253
47809
75683
91127
61261
47819
75689
47837
61283
75703
47843
91129
61291
47857
75707
47869
61297
91139
47881
75709
61331
47903
91141
75721
61333
47911
61339
47917
91151
75731
47933
61343
75743
47939
91153
61357
47947
75767
61363
91159
47951
75773
47963
61379
91163
47969
75781
61381
47977
61403
91183
47981
75787
61409
48017
75793
91193
48023
61417
75797
48029
91199
61441
48049
75821
61463
48073
91229
48079
75833
61469
48091
91237
61471
75853
48109
61483
48119
75869
91243
48121
61487
75883
48131
91249
61493
48157
75913
61507
48163
91253
75931
61511
48179
48187
91283
61519
75937
48193
61543
75941
48197
91291
61547
48221
75967
48239
91297
61553
48247
75979
61559
48259
91303
75983
48271
61561
48281
91309
75989
61583
48299
61603
75991
91331
48311
48313
61609
75997
91367
48337
61613
76001
48341
61627
91369
48353
76003
48371
61631
91373
76031
48383
61637
48397
76039
91381
61643
48407
48409
76079
61651
91387
48413
61657
76081
48437
91393
61667
48449
76091
48463
61673
91397
76099
48473
61681
48479
76103
91411
61687
48481
76123
61703
48487
91423
61717
48491
76129
91433
61723
48497
76147
48523
61729
91453
48527
76157
61751
48533
91457
61757
76159
48539
48541
91459
61781
76163
48563
61813
48571
76207
91463
61819
48589
76213
48593
91493
61837
48611
76231
61843
48619
91499
76243
48623
61861
48647
91513
61871
76249
48649
61879
91529
48661
76253
61909
48673
76259
91541
48677
61927
48679
76261
61933
91571
48731
76283
61949
48733
91573
48751
61961
76289
48757
61967
91577
76303
48761
61979
48767
91583
76333
48779
61981
76343
48781
91591
61987
48787
76367
61991
48799
91621
48809
62003
76369
48817
91631
62011
76379
48821
62017
48823
91639
76387
62039
48847
76403
48857
91673
62047
48859
76421
62053
91691
48869
76423
62057
48871
91703
48883
62071
76441
48889
62081
91711
48907
76463
62099
48947
76471
91733
48953
62119
48973
76481
62129
91753
48989
76487
62131
48991
91757
49003
62137
76493
49009
91771
62141
76507
49019
62143
49031
91781
76511
49033
62171
76519
49037
91801
62189
49043
76537
62191
49057
91807
62201
49069
76541
49081
91811
62207
76543
49103
62213
91813
49109
76561
62219
49117
91823
76579
49121
62233
49123
62273
76597
91837
49139
62297
49157
76603
91841
62299
49169
76607
49171
62303
91867
49177
62311
76631
49193
91873
62323
49199
76649
62327
49201
91909
76651
49207
62347
49211
76667
91921
62351
49223
62383
76673
49253
91939
49261
62401
76679
49277
91943
62417
49279
76697
62423
49297
91951
76717
62459
49307
91957
49331
62467
76733
49333
62473
91961
76753
49339
62477
49363
76757
91967
62483
49367
49369
76771
62497
91969
49391
62501
76777
49393
91997
62507
49409
76781
49411
62533
92003
49417
76801
62539
49429
92009
62549
76819
49433
62563
49451
76829
92033
49459
62581
76831
49463
92041
62591
49477
76837
62597
49481
92051
62603
49499
76847
49523
92077
62617
76871
49529
62627
92083
49531
76873
62633
49537
92107
76883
62639
49547
49549
62653
76907
92111
49559
62659
49597
76913
92119
62683
49603
76919
49613
62687
92143
49627
62701
76943
49633
92153
62723
76949
49639
62731
49663
92173
76961
49667
62743
49669
92177
76963
62753
49681
76991
62761
92179
49697
49711
62773
77003
92189
49727
62791
77017
49739
62801
92203
49741
77023
62819
49747
92219
77029
49757
62827
49783
77041
62851
92221
49787
62861
77047
49789
92227
49801
62869
77069
49807
62873
92233
49811
77081
62897
49823
92237
77093
49831
62903
49843
92243
77101
62921
49853
62927
77137
92251
49871
62929
49877
77141
92269
49891
62939
77153
49919
62969
92297
49921
77167
62971
49927
92311
77171
49937
62981
49939
92317
62983
77191
49943
62987
49957
77201
92333
62989
49991
77213
92347
49993
63029
49999
77237
63031
92353
77239
63059
92357
63067
77243
63073
92363
77249
63079
92369
77261
63097
77263
92377
63103
77267
63113
92381
63127
77269
92383
63131
77279
63149
92387
77291
63179
92399
77317
63197
92401
77323
63199
63211
77339
92413
63241
77347
92419
63247
77351
63277
92431
77359
63281
92459
63299
77369
63311
92461
77377
63313
77383
92467
63317
77417
63331
92479
77419
63337
92489
63347
77431
92503
63353
77447
63361
92507
77471
63367
77477
92551
63377
77479
63389
92557
63391
77489
92567
63397
77491
63409
92569
77509
63419
92581
77513
63421
92593
63439
77521
63443
77527
92623
63463
77543
92627
63467
77549
63473
92639
77551
63487
92641
63493
77557
92647
63499
77563
63521
92657
77569
63527
77573
92669
63533
77587
63541
92671
63559
77591
92681
63577
77611
63587
92683
77617
63589
92693
77621
63599
77641
92699
63601
63607
77647
92707
63611
77659
92717
63617
77681
63629
92723
77687
63647
92737
77689
63649
63659
92753
77699
63667
77711
92761
63671
77713
92767
63689
77719
63691
92779
77723
63697
92789
63703
77731
63709
92791
77743
63719
92801
77747
63727
77761
92809
63737
77773
63743
92821
63761
77783
92831
63773
77797
63781
92849
77801
63793
92857
77813
63799
92861
63803
77839
63809
77849
92863
63823
77863
92867
63839
77867
63841
92893
77893
63853
92899
63857
77899
63863
92921
77929
63901
77933
92927
63907
77951
63913
92941
77969
63929
92951
63949
77977
92957
63977
77983
63997
92959
77999
64007
92987
78007
64013
64019
78017
92993
64033
78031
93001
64037
78041
64063
93047
78049
64067
93053
64081
78059
64091
93059
78079
64109
93077
78101
64123
78121
64151
93083
64153
78137
93089
64157
78139
93097
64171
78157
64187
93103
78163
64189
93113
78167
64217
64223
78173
93131
64231
78179
93133
64237
78191
64271
93139
78193
64279
93151
64283
78203
64301
93169
78229
64303
93179
78233
64319
78241
64327
93187
64333
78259
93199
64373
78277
64381
93229
78283
64399
93239
78301
64403
93241
78307
64433
64439
78311
93251
64451
78317
93253
64453
78341
64483
93257
78347
64489
93263
78367
64499
64513
93281
78401
64553
78427
93283
64567
78437
64577
93287
78439
64579
93307
78467
64591
93319
64601
78479
64609
93323
78487
64613
78497
93329
64621
78509
64627
93337
64633
78511
93371
64661
78517
64663
93377
78539
64667
78541
93383
64679
78553
64693
93407
64709
78569
93419
64717
78571
64747
93427
78577
64763
93463
78583
64781
78593
64783
93479
64793
78607
93481
64811
78623
93487
64817
78643
64849
93491
78649
64853
78653
93493
64871
64877
78691
93497
64879
78697
93503
64891
78707
64901
93523
78713
64919
93529
78721
64921
64927
78737
93553
64937
78779
93557
64951
78781
64969
93559
78787
64997
93563
78791
65003
65011
93581
78797
65027
78803
93601
65029
78809
93607
65033
78823
65053
93629
78839
65063
93637
65071
78853
65089
78857
93683
65099
78877
93701
65101
78887
65111
93703
78889
65119
93719
65123
78893
65129
93739
78901
65141
78919
93761
65147
78929
65167
93763
78941
65171
93787
65173
78977
93809
65179
78979
65183
93811
78989
65203
79031
93827
65213
79039
65239
93851
79043
65257
79063
93871
65267
79087
65269
93887
65287
79103
93889
65293
79111
65309
93893
79133
65323
93901
79139
65327
65353
79147
93911
65357
79151
93913
65371
79153
65381
93923
79159
65393
93937
79181
65407
93941
65413
79187
65419
79193
93949
65423
79201
93967
65437
79229
65447
93971
79231
65449
93979
65479
79241
65497
93983
79259
65519
79273
93997
65521
79279
94007
65537
79283
65539
94009
65543
79301
94033
65551
79309
65557
94049
79319
65563
79333
94057
65579
79337
65581
94063
79349
65587
94079
65599
79357
94099
65609
79367
65617
94109
79379
65629
79393
94111
65633
79397
65647
94117
65651
79399
94121
65657
79411
65677
94151
79423
65687
94153
79427
65699
79433
65701
94169
65707
79451
94201
65713
79481
65717
94207
79493
65719
94219
79531
65729
65731
79537
94229
65761
79549
94253
65777
79559
94261
65789
79561
65809
94273
79579
65827
94291
65831
79589
65837
94307
79601
65839
79609
94309
65843
79613
65851
94321
65867
79621
94327
65881
79627
65899
94331
79631
65921
94343
79633
65927
65929
94349
79657
65951
79669
94351
65957
79687
94379
65963
79691
65981
94397
65983
79693
94399
65993
79697
66029
94421
79699
66037
79757
94427
66041
79769
66047
94433
66067
79777
94439
66071
79801
66083
94441
79811
66089
94447
79813
66103
94463
79817
66107
66109
79823
94477
66137
79829
94483
66161
79841
66169
94513
79843
66173
94529
79847
66179
66191
94531
79861
66221
79867
94541
66239
79873
94543
66271
79889
66293
94547
79901
66301
94559
66337
79903
66343
79907
94561
66347
79939
94573
66359
79943
66361
94583
79967
66373
94597
66377
79973
94603
66383
79979
66403
94613
79987
66413
79997
94621
66431
79999
66449
94649
66457
80021
94651
66463
80039
66467
94687
80051
66491
94693
80071
66499
80077
66509
94709
66523
80107
94723
66529
80111
94727
66533
80141
66541
94747
80147
66553
94771
80149
66569
80153
66571
94777
66587
80167
94781
66593
80173
66601
94789
80177
66617
94793
80191
66629
94811
80207
66643
66653
80209
94819
80221
94823
80231
94837
80233
94841
80239
94847
80251
80263
94849
80273
94873
80279
94889
80287
94903
80309
94907
80317
94933
80329
80341
94949
80347
94951
80363
94961
80369
94993
80387
94999
80407
95003
80429
80447
95009
80449
95021
80471
95027
80473
95063
80489
95071
80491
95083
80513
80527
95087
80537
95089
80557
95093
80567
95101
80599
95107
80603
95111
80611
80621
95131
80627
95143
80629
95153
80651
95177
80657
95189
80669
95191
80671
80677
95203
80681
95213
80683
95219
80687
95231
80701
95233
80713
95239
80737
80747
95257
80749
95261
80761
95267
80777
95273
80779
95279
80783
95287
80789
80803
95311
80809
95317
80819
95327
80831
95339
80833
95369
80849
80863
95383
80897
95393
80909
95401
80911
95413
80917
95419
80923
80929
95429
80933
95441
80953
95443
80963
95461
80989
95467
81001
95471
81013
81017
95479
81019
95483
81023
95507
81031
95527
81041
95531
81043
81047
95539
81049
95549
81071
95561
81077
95569
81083
95581
81097
95597
81101
81119
95603
81131
95617
81157
95621
81163
95629
81173
95633
81181
95651
81197
81199
95701
81203
95707
81223
95713
81233
95717
81239
95723
81281
95731
81283
81293
95737
81299
95747
81307
95773
81331
95783
81343
95789
81349
95791
81353
81359
95801
81371
95803
81373
95813
81401
95819
81409
95857
81421
95869
81439
81457
95873
81463
95881
81509
95891
81517
95911
81527
95917
81533
81547
95923
81551
95929
81553
95947
81559
95957
81563
95959
81569
95971
81611
81619
95987
81629
95989
81637
96001
81647
96013
81649
96017
81667
96043
81671
81677
96053
81689
96059
81701
96079
81703
96097
81707
96137
81727
96149
81737
81749
96157
81761
96167
81769
96179
81773
96181
81799
96199
81817
81839
96211
81847
96221
81853
96223
81869
96233
81883
96259
81899
81901
96263
81919
96269
81929
96281
81931
96289
81937
96293
81943
96323
81953
81967
96329
81971
96331
81973
96337
82003
96353
82007
96377
82009
96401
82013
82021
96419
82031
96431
82037
96443
82039
96451
82051
96457
82067
82073
96461
82129
96469
82139
96479
82141
96487
82153
96493
82163
96497
82171
82183
96517
82189
96527
82193
96553
82207
96557
82217
96581
82219
82223
96587
82231
96589
82237
96601
82241
96643
82261
96661
82267
96667
82279
82301
96671
82307
96697
82339
96703
82349
96731
82351
96737
82361
82373
96739
82387
96749
82393
96757
82421
96763
82457
96769
82463
96779
82469
82471
96787
82483
96797
82487
96799
82493
96821
82499
96823
82507
82529
96827
82531
96847
82549
96851
82559
96857
82561
96893
82567
82571
96907
82591
96911
82601
96931
82609
96953
82613
96959
82619
96973
82633
82651
96979
82657
96989
82699
96997
82721
97001
82723
97003
82727
82729
97007
82757
97021
82759
97039
82763
97073
82781
97081
82787
97103
82793
82799
97117
82811
97127
82813
97151
82837
97157
82847
97159
82883
82889
97169
82891
97171
82903
97177
82913
97187
82939
97213
82963
82981
97231
82997
97241
83003
97259
83009
97283
83023
97301
83047
97303
83059
83063
97327
83071
97367
83077
97369
83089
97373
83093
97379
83101
83117
97381
83137
97387
83177
97397
83203
97423
83207
97429
83219
97441
83221
83227
97453
83231
97459
83233
97463
83243
97499
83257
97501
83267
97511
83269
83273
97523
83299
97547
83311
97549
97553
97561
97571
97577
97579
97583
97607
97609
97613
97649
97651
97673
97687
97711
97729
97771
97777
97787
97789
97813
97829
97841
97843
97847
97849
97859
97861
97871
97879
97883
97919
97927
97931
97943
97961
97967
97973
97987
98009
98011
98017
98041
98047
98057
98081
98101
98123
98129
98143
98179
98207
98213
98221
98227
98251
98257
98269
98297
98299
98317
98321
98323
98327
98347
98369
98377
98387
98389
98407
98411
98419
98429
98443
98453
98459
98467
98473
98479
98491
98507
98519
98533
98543
98561
98563
98573
98597
98621
98627
98639
98641
98663
98669
98689
98711
98713
98717
98729
98731
98737
98773
98779
98801
98807
98809
98837
98849
98867
98869
98873
98887
98893
98897
98899
98909
98911
98927
98929
98939
98947
98953
98963
98981
98993
98999
99013
99017
99023
99041
99053
99079
99083
99089
99103
99109
99119
99131
99133
99137
99139
99149
99173
99181
99191
99223
99233
99241
99251
99257
99259
99277
99289
99317
99347
99349
99367
99371
99377
99391
99397
99401
99409
99431
99439
99469
99487
99497
99523
99527
99529
99551
99559
99563
99571
99577
99581
99607
99611
99623
99643
99661
99667
99679
99689
99707
99709
99713
99719
99721
99733
99761
99767
99787
99793
99809
99817
99823
99829
99833
99839
99859
99871
99877
99881
99901
99907
99923
99929
99961
99971
99989
99991
