2
3
5
7
11
13
17
19
23
29
31
37
41
43
47
53
59
61
67
71
73
79
83
89
16673
97
101
103
107
109
113
127
131
137
139
149
151
157
33343
163
167
16691
173
179
181
191
193
197
199
211
223
227
229
233
239
241
251
257
263
269
271
16693
277
281
283
293
50021
307
33347
311
313
317
331
337
347
349
353
359
66683
83339
16699
367
373
379
383
389
397
401
409
419
421
431
433
439
443
449
457
16703
461
463
33349
467
479
487
50023
491
499
503
509
521
523
16729
541
547
557
563
569
66697
571
577
587
593
16741
599
601
607
613
617
619
631
641
33353
16747
643
647
653
659
661
673
677
683
691
16759
50033
83341
701
709
719
727
733
739
16763
743
751
757
761
769
33359
773
787
797
66701
809
811
821
823
16787
827
829
839
853
857
859
863
877
881
50047
16811
883
33377
887
907
911
919
929
937
941
947
953
967
971
66713
16823
977
983
991
997
1009
1013
1019
1021
1031
1033
33391
16829
50051
1039
83357
1049
1051
1061
1063
1069
16831
1087
1091
1093
1097
1103
66721
1109
16843
1117
1123
1129
1151
1153
33403
1163
1171
1181
1187
1193
1201
1213
1217
1223
16871
1229
1231
50053
1237
1249
1259
1277
16879
1279
1283
1289
1291
1297
1301
1303
1307
16883
1319
1321
66733
1327
33409
1361
83383
1367
1373
50069
16889
1381
1399
1409
1423
1427
33413
1429
1433
1439
1447
16901
1451
1453
1459
1471
1481
50077
1483
1487
33427
1489
1493
16903
1499
1511
1523
1531
1543
66739
1549
1553
16921
33457
1559
1567
50087
1571
1579
1583
1597
1601
1607
16927
1609
83389
33461
1613
1619
1621
1627
1637
1657
16931
50093
1663
1667
1669
1693
33469
1697
1699
1709
1721
16937
1723
1733
1741
66749
1747
1753
33479
1759
50101
1777
16943
1783
1787
1789
1801
1811
1823
1831
16963
33487
1847
1861
1867
1871
1873
50111
1877
1879
83399
16979
1889
1901
1907
66751
1913
1931
1933
1949
33493
1951
16981
1973
1979
1987
50119
1993
1997
1999
16987
2003
2011
2017
2027
16993
2029
2039
33503
2053
2063
17011
2069
2081
83401
2083
66763
2087
2089
2099
17021
2111
33521
2113
50123
2129
2131
2137
2141
2143
17027
2153
2161
33529
2179
2203
2207
2213
2221
17029
2237
83407
2239
2243
33533
2251
2267
2269
17033
2273
50129
66791
2281
2287
33547
2293
2297
17041
2309
2311
2333
2339
2341
2347
33563
17047
2351
83417
2357
2371
2377
2381
2383
2389
2393
2399
2411
17053
50131
2417
33569
2423
2437
2441
2447
2459
2467
2473
17077
2477
66797
2503
2521
2531
2539
2543
2549
33577
17093
2551
2557
50147
2579
2591
2593
17099
2609
83423
2617
2621
2633
33581
2647
17107
2657
50153
2659
66809
2663
2671
2677
17117
2683
2687
2689
2693
33587
2699
17123
2707
50159
2711
83431
2713
2719
2729
2731
2741
2749
17137
2753
2767
2777
33589
2789
50177
2791
17159
2797
66821
2801
2803
2819
2833
2837
17167
2843
2851
33599
83437
50207
2857
2861
17183
2879
2887
2897
2903
2909
17189
2917
2927
50221
33601
2939
2953
66841
2957
17191
2963
2969
2971
83443
2999
3001
17203
3011
50227
3019
33613
3023
3037
3041
17207
3049
3061
3067
3079
50231
3083
17209
3089
33617
3109
83449
3119
66851
3121
17231
3137
3163
3167
50261
3169
3181
17239
33619
3187
3191
3203
17257
3209
3217
3221
17291
3229
50263
3251
3253
3257
17293
3259
83459
33623
3271
66853
3299
17299
3301
3307
3313
17317
3319
3323
3329
17321
3331
33629
3343
50273
17327
3347
3359
3361
17333
83471
3371
3373
3389
17341
3391
33637
3407
66863
3413
17351
3433
3449
50287
3457
3461
3463
17359
3467
33641
3469
83477
3491
3499
17377
3511
50291
3517
3527
3529
3533
17383
33647
3539
66877
3541
3547
50311
3557
17387
3559
3571
83497
3581
3583
17389
33679
3593
3607
50321
3613
3617
17393
3623
3631
3637
3643
33703
3659
17401
66883
50329
3671
83537
3673
3677
3691
17417
3697
3701
3709
33713
3719
50333
17419
3727
3733
3739
17431
3761
3767
66889
3769
17443
3779
33721
3793
17449
83557
3797
3803
50341
17467
3821
3823
3833
17471
3847
33739
3851
66919
17477
3853
3863
3877
17483
3881
3889
17489
3907
33749
3911
50359
17491
3917
3919
66923
3923
17497
83561
3929
3931
33751
3943
17509
3947
3967
50363
3989
4001
17519
4003
4007
33757
4013
17539
4019
50377
4021
66931
4027
4049
33767
17551
4051
4057
83563
4073
4079
17569
4091
4093
4099
33769
4111
4127
4129
17573
4133
4139
4153
4157
4159
4177
17579
4201
66943
4211
33773
4217
50383
4219
17581
4229
4231
4241
4243
17597
4253
83579
33791
4259
17599
4261
50387
4271
4273
66947
4283
17609
4289
33797
4297
4327
17623
4337
4339
4349
4357
17627
50411
4363
33809
4373
4391
83591
17657
4397
66949
4409
4421
17659
4423
33811
4441
17669
4447
4451
50417
17681
4457
4463
66959
4481
33827
4483
17683
4493
4507
50423
4513
17707
4517
4519
83597
4523
33829
66973
17713
4547
4549
50441
4561
4567
17729
4583
4591
33851
4597
17737
4603
66977
50459
4621
4637
4639
17747
4643
4649
33857
4651
17749
50461
4657
83609
4663
67003
4673
4679
17761
4691
33863
4703
50497
4721
17783
4723
4729
4733
67021
4751
17789
4759
33871
50503
4783
4787
17791
4789
4793
4799
83617
4801
17807
67033
50513
33889
4813
4817
4831
17827
4861
4871
4877
50527
17837
4889
33893
67043
4903
4909
4919
17839
4931
4933
50539
4937
17851
33911
4943
83621
4951
67049
4957
17863
4967
4969
50543
4973
4987
33923
17881
4993
4999
67057
5003
17891
50549
5009
5011
5021
33931
17903
5023
5039
5051
50551
83639
5059
67061
17909
5077
5081
33937
5087
17911
5099
5101
50581
5107
5113
17921
67073
5119
33941
5147
5153
17923
50587
5167
5171
5179
17929
5189
33961
83641
5197
67079
5209
50591
17939
5227
5231
5233
5237
17957
33967
5261
50593
5273
67103
5279
17959
5281
5297
5303
33997
17971
5309
50599
5323
5333
83653
67121
17977
5347
5351
5381
34019
50627
17981
5387
5393
5399
5407
17987
67129
5413
34031
5417
50647
5419
17989
5431
5437
5441
5443
5449
18013
5471
5477
83663
34033
67139
5479
5483
5501
18041
5503
50651
5507
5519
5521
5527
18043
5531
34039
5557
5563
5569
67141
5573
18047
5581
5591
5623
5639
50671
18049
34057
5641
5647
5651
83689
18059
5653
67153
5657
50683
5659
34061
18061
5669
5683
5689
18077
5693
67157
5701
50707
5711
34123
5717
18089
5737
5741
5743
5749
18097
5779
5783
83701
5791
67169
34127
5801
18119
50723
5807
5813
18121
5821
5827
18127
5839
34129
50741
5843
18131
5849
18133
67181
18143
50753
34141
83717
18149
18169
5851
5857
34147
50767
5861
18181
5867
67187
5869
34157
5879
18191
5881
50773
5897
5903
18199
34159
5923
83719
5927
5939
5953
18211
5981
5987
34171
50777
6007
67189
18217
6011
6029
34183
6037
18223
83737
6043
6047
34211
6053
18229
6067
50789
6073
6079
18233
34213
6089
6091
67211
6101
83761
6113
18251
6121
6131
6133
6143
34217
18253
50821
6151
6163
6173
18257
34231
6197
6199
83773
6203
18269
67213
34253
6211
6217
50833
6221
18287
6229
6247
6257
18289
34259
6263
6269
50839
6271
18301
6277
67217
83777
6287
34261
18307
6299
6301
6311
6317
18311
6323
50849
6329
34267
67219
6337
18313
6343
6353
34273
6359
18329
6361
6367
34283
18341
6373
50857
67231
83791
6379
6389
34297
18353
6397
6421
6427
18367
34301
6449
67247
6451
50867
18371
6469
34303
6473
6481
18379
6491
34313
6521
67261
83813
6529
18397
6547
34319
50873
6551
18401
6553
6563
34327
6569
67271
18413
6571
6577
34337
6581
18427
50891
6599
6607
34351
18433
67273
6619
83833
6637
6653
34361
18439
6659
6661
50893
6673
34367
18443
67289
6679
6689
18451
34369
6691
6701
6703
18457
34381
6709
83843
67307
6719
50909
18461
6733
34403
6737
6761
18481
6763
34421
6779
6781
18493
83857
6791
50923
34429
6793
18503
6803
67339
6823
34439
6827
18517
6829
6833
34457
83869
50929
6841
18521
6857
34469
6863
18523
6869
67343
6871
34471
6883
18539
6899
50951
83873
6907
34483
18541
6911
6917
6947
18553
34487
50957
6949
6959
67349
18583
6961
34499
6967
6971
50969
18587
6977
34501
6983
83891
6991
18593
34511
6997
50971
7001
18617
7013
67369
34513
7019
7027
18637
50989
7039
34519
7043
18661
7057
7069
34537
50993
7079
18671
83903
7103
7109
67391
34543
18679
7121
7127
7129
18691
51001
7151
7159
34549
18701
7177
7187
67399
18713
34583
7193
83911
7207
51031
18719
7211
34589
7213
7219
18731
7229
7237
34591
18743
7243
67409
7247
51043
7253
18749
34603
7283
7297
83921
7307
18757
7309
7321
7331
34607
7333
18773
51047
7349
7351
67411
18787
7369
7393
34613
7411
18793
7417
7433
51059
18797
83933
7451
34631
7457
7459
18803
7477
67421
7481
7487
18839
7489
34649
51061
18859
7499
7507
18869
7517
18899
7523
67427
34651
7529
83939
18911
7537
18913
51071
7541
7547
18917
34667
7549
67429
18919
7559
7561
18947
7573
34673
83969
7577
51109
18959
7583
34679
7589
18973
7591
7603
67433
34687
7607
18979
7621
83983
51131
7639
34693
19001
7643
19009
7649
34703
7669
19013
7673
19031
7681
34721
67447
7687
51133
19037
7691
7699
34729
19051
7703
83987
7717
51137
34739
7723
19069
7727
7741
34747
19073
67453
7753
51151
7757
34757
7759
19079
7789
51157
7793
34759
19081
7817
84011
7823
19087
34763
7829
67477
51169
7841
7853
19121
34781
7867
7873
19139
51193
7877
34807
7879
19141
7883
19157
34819
7901
67481
84017
19163
7907
7919
34841
19181
51197
7927
19183
7933
7937
19207
7949
51199
34843
19211
7951
7963
19213
67489
7993
19219
51203
8009
84047
34847
19231
8011
8017
19237
8039
51217
19249
8053
34849
8059
19259
8069
67493
19267
8081
51229
8087
34871
8089
19273
84053
8093
8101
19289
8111
34877
8117
67499
19301
51239
8123
8147
19309
8161
34883
8167
19319
8171
8179
51241
84059
19333
8191
34897
8209
67511
19373
8219
8221
19379
8231
34913
51257
8233
19381
8237
8243
19387
8263
34919
51263
67523
84061
8269
19391
8273
8287
34939
19403
8291
8293
19417
8297
51283
67531
8311
34949
8317
19421
8329
8353
8363
8369
19423
84067
8377
34961
8387
19427
8389
67537
19429
8419
8423
19433
8429
8431
19441
8443
8447
19447
67547
8461
8467
84089
19457
8501
8513
19463
8521
8527
8537
19469
8539
51287
67559
8543
34963
8563
19471
8573
8581
8597
19477
8599
34981
8609
8623
84121
8627
51307
19483
8629
8641
8647
67567
35023
19489
8663
8669
8677
8681
19501
8689
35027
51329
8693
19507
8699
67577
8707
84127
19531
35051
8713
8719
19541
8731
51341
67579
8737
35053
19543
8741
8747
8753
19553
35059
8761
67589
51343
19559
8779
84131
19571
8783
8803
35069
19577
8807
8819
51347
19583
8821
35081
19597
8831
67601
8837
19603
8839
19609
8849
35083
84137
51349
19661
8861
8863
19681
8867
19687
35089
8887
67607
19697
8893
51361
8923
19699
8929
35099
19709
8933
8941
84143
19717
8951
35107
8963
51383
67619
8969
19727
8971
35111
8999
19739
9001
51407
35117
9007
19751
9011
9013
35129
84163
19753
67631
51413
9029
9041
19759
9043
35141
9049
19763
9059
67651
9067
51419
84179
9091
19777
35149
9103
19793
9109
9127
19801
9133
51421
35153
9137
67679
19813
9151
9157
19819
9161
35159
84181
19841
9173
51427
9181
19843
67699
9187
35171
9199
9203
19853
9209
9221
35201
9227
19861
9239
51431
9241
9257
35221
9277
19867
9281
67709
84191
9283
35227
19889
9293
51437
9311
19891
9319
9323
35251
51439
19913
9337
84199
9341
67723
19919
9343
51449
35257
9349
19927
9371
9377
84211
51461
19937
9391
35267
9397
67733
19949
9403
9413
19961
9419
35279
19963
51473
9421
19973
67741
9431
19979
9433
84221
35281
9437
19991
9439
19993
51479
67751
9461
9463
35291
19997
9467
9473
9479
20011
9491
84223
9497
35311
9511
51481
20021
9521
67757
9533
20023
9539
35317
51487
9547
20029
9551
67759
9587
84229
20047
35323
51503
9601
9613
20051
9619
35327
9623
9629
20063
9631
9643
35339
9649
51511
9661
67763
20071
9677
9679
35353
9689
84239
9697
20089
9719
51517
9721
9733
20101
9739
35363
9743
9749
51521
20107
9767
67777
9769
9781
9787
20113
35381
9791
51539
9803
84247
9811
20117
9817
9829
35393
9833
51551
20123
9839
67783
9851
9857
20129
9859
9871
35401
51563
9883
20143
9887
9901
20147
9907
84263
9923
20149
9929
35407
9931
67789
9941
20161
51577
9949
9967
9973
20173
35419
10007
10009
67801
10037
20177
10039
10061
51581
10067
35423
20183
10069
84299
10079
10091
67807
10093
20201
10099
35437
10103
10111
20219
51593
10133
10139
67819
10141
20231
10151
35447
10159
10163
20233
10169
84307
10177
51599
10181
67829
35449
20249
10193
10211
20261
10223
35461
10243
20269
51607
10247
35491
10253
20287
10259
84313
67843
35507
20297
10267
10271
20323
51613
35509
10273
10289
20327
10301
67853
20333
35521
10303
10313
51631
20341
10321
84317
10331
20347
10333
35527
10337
20353
10343
67867
51637
10357
10369
20357
35531
10391
10399
84319
10427
20359
10429
10433
35533
51647
10453
20369
67883
10457
35537
20389
10459
10463
20393
10477
35543
84347
51659
67891
10487
20399
10499
20407
10501
35569
20411
10513
67901
20431
10529
51673
20441
10531
35573
10559
20443
84349
10567
67927
20477
35591
10589
51679
20479
10597
35593
10601
20483
10607
35597
10613
20507
67931
10627
51683
20509
35603
10631
84377
20521
10639
20533
35617
10651
20543
10657
51691
10663
67933
20549
10667
35671
10687
20551
10691
84389
20563
10709
35677
20593
51713
10711
20599
10723
67939
20611
10729
35729
84391
10733
20627
10739
20639
51719
10753
20641
35731
10771
67943
20663
10781
20681
10789
20693
10799
51721
35747
10831
67957
84401
10837
10847
10853
35753
51749
10859
20707
10861
35759
20717
10867
10883
67961
20719
35771
10889
84407
51767
10891
10903
20731
10909
10937
35797
10939
20743
51769
10949
10957
20747
10973
67967
10979
20749
35801
10987
10993
20753
11003
84421
51787
11027
20759
11047
35803
11057
11059
20771
11069
51797
67979
11071
20773
11083
35809
20789
11087
51803
11093
35831
20807
84431
11113
20809
11117
51817
67987
20849
11119
35837
20857
11131
11149
51827
20873
11159
35839
84437
20879
11161
67993
11171
51829
20887
11173
35851
11177
20897
11197
84443
68023
11213
20899
35863
51839
11239
11243
20903
11251
20921
35869
68041
84449
11257
11261
51853
20929
35879
11273
11279
20939
35897
11287
84457
20947
11299
35899
51859
68053
11311
20959
11317
35911
11321
20963
84463
11329
35923
51869
11351
20981
11353
35933
68059
11369
20983
11383
84467
35951
21001
11393
51871
21011
11399
68071
21013
11411
35963
11423
21017
11437
21019
51893
11443
68087
21023
35969
11447
84481
21031
11467
21059
11471
35977
21061
68099
51899
11483
21067
11489
21089
11491
35983
51907
21101
11497
21107
11503
84499
21121
68111
11519
51913
35993
21139
11527
11549
21143
11551
35999
51929
11579
21149
11587
84503
68113
21157
11593
36007
11597
21163
11617
51941
36011
11621
21169
11633
68141
11657
21179
36013
84509
11677
51949
11681
21187
11689
36017
11699
11701
21191
11717
36037
11719
68147
11731
21193
51971
11743
36061
11777
11779
21211
84521
11783
36067
11789
21221
11801
11807
51973
36073
11813
68161
21227
11821
11827
36083
11831
21247
11833
11839
36097
11863
51977
84523
21269
11867
11887
36107
11897
21277
68171
11903
11909
21283
51991
36109
11923
21313
11927
36131
11933
84533
52009
21317
11939
68207
36137
11941
21319
11953
52021
36151
11959
21323
11969
36161
52027
21341
11971
68209
11981
36187
84551
21347
11987
21377
52051
12007
21379
36191
12011
21383
68213
12037
21391
12041
84559
21397
36209
52057
12043
21401
12049
68219
21407
12071
36217
21419
12073
21433
52067
12097
68227
12101
21467
36229
12107
84589
21481
12109
21487
68239
12113
52069
21491
36241
12119
21493
12143
21499
68261
12149
36251
21503
12157
52081
21517
84629
12161
21521
12163
68279
36263
21523
12197
21529
12203
52103
12211
36269
21557
68281
12227
12239
21559
36277
84631
12241
21563
52121
68311
12251
21569
12253
36293
21577
12263
21587
12269
68329
21589
52127
36299
12277
21599
12281
84649
21601
12289
68351
21611
36307
12301
21613
52147
12323
21617
12329
36313
21647
68371
12343
21649
12347
84653
52153
21661
12373
36319
21673
12377
68389
21683
12379
12391
36341
52163
21701
12401
36343
12409
21713
68399
52177
12413
84659
36353
21727
12421
12433
36373
52181
21737
12437
12451
36383
21739
68437
52183
12457
36389
12473
21751
84673
12479
36433
21757
12487
52189
68443
12491
36451
21767
12497
12503
36457
21773
68447
12511
52201
36467
12517
21787
84691
12527
36469
21799
12539
68449
21803
12541
52223
36473
21817
12547
21821
12553
36479
21839
12569
84697
21841
12577
52237
68473
36493
21851
12583
21859
12589
36497
21863
12601
21871
52249
36523
12611
84701
68477
21881
12613
21893
12619
36527
21911
12637
52253
68483
21929
12641
12647
36529
21937
12653
84713
52259
21943
12659
68489
36541
12671
21961
12689
12697
52267
12703
21977
12713
36551
68491
12721
21991
12739
12743
84719
12757
52289
21997
36559
12763
68501
12781
22003
12791
36563
12799
84731
22013
52291
68507
12809
22027
12821
36571
12823
52301
22031
12829
84737
12841
22037
36583
52313
12853
68521
22039
12889
84751
12893
52321
36587
22051
12899
12907
22063
68531
12911
36599
22067
52361
12917
12919
22073
12923
84761
12941
36607
22079
52363
12953
22091
12959
68539
22093
12967
52369
36629
12973
22109
12979
12983
52379
22111
13001
36637
84787
13003
68543
22123
13007
22129
13009
36643
52387
22133
13033
68567
22147
13037
22153
13043
36653
84793
22157
13049
52391
22159
13063
36671
22171
13093
68581
13099
22189
84809
13103
52433
36677
22193
13109
22229
13121
22247
36683
68597
13127
84811
22259
52453
13147
22271
13151
36691
22273
13159
22277
84827
13163
52457
22279
68611
13171
36697
22283
13177
22291
13183
84857
22303
36709
13187
52489
22307
13217
22343
68633
13219
36713
22349
13229
84859
22367
13241
52501
13249
36721
22369
13259
13267
36739
68639
22381
13291
13297
52511
84869
22391
13309
36749
68659
13313
22397
13327
22409
52517
13331
36761
84871
68669
13337
22433
13339
52529
36767
22441
13367
68683
13381
52541
22447
13397
36779
13399
22453
84913
52543
68687
13411
22469
13417
36781
13421
52553
22481
13441
68699
36787
13451
22483
52561
13457
84919
22501
13463
68711
36791
52567
13469
22511
13477
22531
36793
13487
68713
52571
13499
22541
36809
13513
84947
52579
22543
13523
36821
13537
22549
68729
13553
36833
52583
13567
22567
36847
13577
52609
22571
13591
84961
36857
13597
22573
68737
52627
36871
13613
13619
22613
36877
13627
52631
22619
13633
36887
13649
84967
52639
22621
68743
36899
13669
13679
22637
36901
52667
13681
22639
13687
36913
52673
13691
22643
68749
36919
13693
84977
22651
13697
52691
36923
13709
22669
13711
36929
52697
22679
13721
68767
22691
13723
36931
84979
22697
13729
22699
13751
68771
52709
22709
13757
36943
22717
13759
22721
13763
68777
22727
36947
13781
52711
84991
22739
13789
68791
22741
13799
36973
22751
13807
52721
22769
13829
68813
36979
13831
22777
13841
13859
85009
22783
13873
52727
13877
36997
68819
13879
22787
13883
13901
22807
13903
37003
68821
13907
52733
13913
22811
13921
85021
13931
37013
13933
22817
68863
13963
13967
52747
22853
13997
37019
13999
14009
68879
22859
14011
14029
37021
85027
22861
52757
14033
68881
14051
22871
37039
52769
14057
22877
14071
37049
14081
52783
22901
68891
14083
37057
85037
22907
14087
52807
37061
14107
22921
14143
37087
52813
14149
22937
68897
37097
14153
22943
52817
85049
14159
37117
14173
22961
68899
52837
14177
22963
37123
14197
14207
52859
22973
68903
14221
37139
85061
22993
14243
52861
14249
23003
68909
14251
37159
52879
14281
23011
14293
68917
37171
23017
52883
14303
85081
14321
23021
52889
14323
37181
68927
23027
14327
14341
23029
37189
14347
52901
23039
85087
68947
14369
23041
37199
14387
23053
14389
23057
68963
52903
14401
23059
37201
14407
23063
14411
23071
85091
68993
37217
14419
23081
52919
14423
23087
37223
14431
69001
23099
14437
37243
52937
14447
23117
85093
14449
37253
69011
23131
14461
37273
14479
52951
23143
69019
14489
37277
14503
23159
37307
14519
85103
23167
69029
52957
14533
37309
14537
23173
37313
14543
69031
23189
14549
37321
52963
14551
23197
37337
14557
85109
69061
23201
14561
37339
52967
14563
23203
37357
14591
69067
14593
23209
37361
14621
85121
52973
23227
69073
14627
14629
37363
23251
52981
14633
69109
23269
14639
37369
52999
14653
23279
85133
14657
69119
53003
23291
14669
37379
14683
23293
53017
14699
69127
37397
23297
14713
14717
53047
85147
23311
14723
37409
14731
69143
14737
23321
14741
14747
37423
53051
23327
85159
14753
14759
14767
23333
14771
53069
37441
14779
69149
23339
14783
14797
53077
14813
23357
37447
14821
85193
14827
23369
14831
53087
14843
37463
69151
14851
23371
14867
53089
14869
23399
14879
37483
14887
53093
14891
23417
85199
69163
14897
37489
23431
53101
14923
14929
23447
69191
37493
14939
53113
23459
14947
14951
85201
14957
37501
23473
69193
14969
14983
53117
23497
15013
15017
37507
69197
15031
23509
15053
15061
23531
15073
37511
53129
85213
15077
69203
15083
23537
15091
15101
37517
23539
15107
53147
15121
69221
15131
23549
37529
15137
15139
53149
85223
23557
15149
15161
37537
23561
15173
69233
53161
15187
23563
37547
15193
23567
15199
69239
85229
37549
23581
53171
15217
37561
15227
23593
15233
69247
37567
23599
15241
53173
37571
23603
15259
85237
69257
15263
23609
53189
15269
37573
23623
15271
23627
69259
15277
23629
37579
53197
15287
23633
85243
15289
23663
69263
37589
23669
15299
23671
15307
53201
23677
69313
15313
37591
23687
15319
23689
15329
85247
37607
53231
23719
69317
15331
23741
15349
53233
23743
37619
15359
23747
15361
23753
53239
15373
37633
69337
85259
23761
15377
23767
53267
15383
23773
37643
15391
23789
53269
15401
23801
69341
15413
37649
23813
85297
15427
53279
23819
15439
23827
15443
37657
15451
23831
15461
23833
69371
15467
53281
37663
23857
15473
23869
15493
85303
53299
23873
15497
37691
23879
15511
69379
53309
23887
15527
37693
23893
15541
53323
15551
15559
23899
85313
15569
37699
53327
15581
69383
23909
15583
15601
15607
37717
53353
23911
15619
15629
23917
15641
53359
85331
37747
15643
69389
15647
23929
15649
53377
15661
23957
37781
15667
15671
15679
23971
53381
15683
69401
37783
23977
15727
85333
15731
23981
15733
53401
15737
37799
23993
15739
15749
53407
69403
15761
24001
37811
15767
85361
24007
53411
15773
69427
37813
15787
24019
53419
15791
24023
37831
15797
69431
53437
15803
24029
85363
15809
37847
24043
69439
53441
15817
24049
15823
37853
53453
85369
24061
69457
37861
24071
53479
24077
85381
69463
37871
53503
15859
24083
15877
15881
24091
37879
15887
24097
15889
53507
15901
69467
24103
15907
37889
85411
24107
15913
15919
24109
15923
24113
53527
37897
15937
15959
24121
69473
15971
37907
53549
24133
15973
85427
37951
15991
24137
53551
16001
37957
24151
69481
16007
37963
53569
16033
24169
37967
16057
85429
53591
24179
16061
37987
69491
16063
24181
53593
37991
16067
24197
16069
37993
53597
16073
24203
37997
85439
16087
69493
53609
24223
38011
16091
16097
24229
53611
38039
16103
24239
38047
16111
69497
53617
85447
16127
24247
38053
16139
53623
24251
16141
38069
16183
24281
85451
53629
69499
16187
24317
24329
16189
38083
53633
24337
16193
24359
16217
38113
69539
53639
85453
16223
24371
16229
16231
24373
38119
16249
69557
16253
53653
16267
24379
16273
38149
16301
24391
69593
85469
16319
24407
38153
53657
16333
24413
16339
24419
69623
16349
24421
38167
16361
24439
53681
85487
69653
16363
38177
24443
16369
16381
24469
53693
69661
85513
38183
16411
16417
24473
16421
16427
38189
24481
16433
53699
85517
16447
24499
16451
69677
38197
16453
24509
38201
16477
53717
85523
24517
16481
38219
16487
69691
24527
38231
16493
85531
53719
24533
16519
38237
16529
24547
38239
16547
69697
85549
53731
24551
38261
16553
16561
24571
38273
16567
85571
24593
38281
16573
53759
69709
24611
16603
24623
16607
38287
24631
85577
16619
53773
24659
16631
38299
24671
69737
16633
24677
85597
53777
16649
38303
16651
24683
38317
16657
69739
24691
85601
16661
53783
38321
24697
38327
53791
24709
38329
85607
69761
24733
38333
24749
53813
24763
38351
69763
24767
38371
24781
53819
85619
24793
69767
38377
24799
38393
24809
24821
69779
53831
38431
24841
38447
24847
85621
69809
24851
38449
53849
24859
24877
38453
69821
24889
85627
53857
24907
38459
24917
69827
24919
24923
38461
85639
53861
69829
24943
38501
24953
24967
38543
69833
53881
24971
38557
24977
85643
24979
38561
69847
24989
53887
38567
25013
25031
69857
38569
25033
53891
38593
25037
85661
69859
25057
38603
25073
38609
25087
53897
69877
25097
38611
25111
85667
25117
38629
69899
53899
25121
38639
25127
25147
38651
69911
25153
53917
38653
25163
85669
69929
25169
38669
25171
53923
38671
25183
69931
25189
38677
25219
85691
38693
25229
53927
69941
25237
38699
25243
38707
25247
69959
53939
25253
38711
85703
25261
69991
38713
25301
53951
25303
85711
38723
69997
25307
38729
53959
25309
70001
38737
85717
25321
38747
25339
53987
25343
70003
38749
85733
25349
53993
38767
25357
70009
38783
85751
25367
38791
54001
70019
25373
38803
25391
85781
25409
38821
25411
54011
25423
38833
70039
25439
85793
25447
54013
38839
70051
25453
25457
85817
25463
38851
70061
54037
25469
38861
85819
25471
70067
38867
54049
25523
38873
85829
70079
25537
38891
54059
25541
38903
70099
85831
25561
38917
25577
54083
25579
70111
38921
85837
25583
25589
70117
38923
25601
54091
25603
85843
25609
38933
70121
25621
54101
25633
85847
38953
25639
70123
25643
54121
38959
25657
85853
38971
54133
70139
25667
38977
25673
85889
54139
38993
25679
70141
25693
25703
39019
85903
54151
25717
70157
25733
39023
25741
85909
54163
70163
25747
39041
25759
54167
39043
85931
25763
39047
54181
70177
25771
39079
85933
54193
25793
39089
39097
25799
54217
70181
25801
85991
39103
25819
25841
39107
54251
25847
85999
70183
25849
54269
39113
25867
25873
54277
86011
39119
25889
70199
39133
54287
25903
86017
39139
25913
54293
39157
25919
70201
54311
86027
39161
25931
25933
70207
39163
25939
54319
86029
39181
25943
54323
39191
25951
70223
86069
39199
54331
25969
25981
39209
25997
54347
39217
25999
70229
26003
54361
39227
86077
26017
39229
26021
54367
26029
39233
26041
70237
54371
39239
26053
26083
86083
54377
39241
26099
70241
39251
54401
26107
86111
26111
54403
39293
70249
26113
54409
86113
39301
26119
70271
54413
26141
39313
70289
86117
54419
26153
39317
26161
54421
70297
86131
26171
39323
54437
70309
26177
54443
86137
39341
26183
70313
54449
26189
39343
86143
26203
70321
54469
39359
26209
54493
86161
70327
26227
39367
26237
39371
26249
54497
26251
86171
39373
26261
70351
54499
39383
26263
26267
39397
54503
26293
39409
26297
70373
86179
54517
26309
39419
26317
39439
54521
26321
26339
39443
70379
54539
26347
39451
86183
26357
54541
26371
39461
26387
39499
54547
26393
70381
26399
39503
86197
26407
54559
26417
39509
26423
54563
70393
86201
26431
26437
54577
39511
26449
26459
86209
54581
70423
39521
26479
26489
54583
39541
26497
86239
26501
54601
70429
26513
39551
26539
54617
86243
26557
39563
26561
54623
70439
26573
86249
26591
39569
54629
26597
26627
54631
39581
26633
86257
70451
26641
39607
54647
26647
39619
26669
54667
26681
39623
70457
26683
86263
39631
54673
26687
26693
70459
39659
26699
39667
26701
54679
70481
26711
39671
86269
26713
39679
26717
70487
54709
26723
39703
26729
39709
70489
26731
86287
54713
26737
39719
26759
70501
39727
26777
54721
86291
26783
39733
70507
54727
26801
39749
54751
70529
26813
26821
39761
54767
26833
70537
39769
86293
26839
39779
54773
26849
70549
39791
54779
26861
39799
70571
26863
86297
54787
39821
26879
39827
26881
54799
26891
39829
70573
26893
54829
86311
39839
26903
39841
54833
26921
39847
86323
70583
54851
26927
39857
54869
26947
39863
86341
39869
26951
54877
70589
39877
26953
86351
54881
26959
39883
70607
26981
39887
26987
54907
39901
26993
70619
86353
27011
39929
27017
54917
39937
70621
27031
27043
39953
27059
70627
39971
54919
86357
27061
27067
39979
54941
70639
27073
39983
54949
27077
39989
70657
86369
40009
54959
27091
70663
40013
27103
54973
27107
86371
27109
40031
54979
27127
70667
27143
54983
86381
40037
27179
27191
55001
40039
27197
86389
70687
55009
40063
27211
40087
55021
27239
86399
40093
27241
70709
55049
40099
27253
86413
55051
40111
27259
40123
55057
70717
27271
86423
40127
55061
27277
40129
86441
27281
40151
55073
70729
40153
27283
55079
40163
86453
27299
55103
40169
70753
27329
40177
55109
86461
27337
40189
55117
27361
70769
40193
86467
27367
55127
40213
27397
40231
55147
86477
70783
27407
40237
55163
40241
27409
86491
55171
40253
27427
70793
40277
27431
55201
86501
40283
27437
55207
40289
27449
70823
86509
40343
55213
27457
40351
55217
27479
86531
40357
70841
55219
27481
40361
27487
40387
86533
55229
40423
27509
70843
55243
40427
86539
27527
55249
40429
27529
70849
40433
55259
86561
27539
40459
27541
55291
40471
86573
27551
70853
55313
40483
27581
40487
55331
27583
86579
70867
27611
55333
40493
27617
27631
70877
55337
27647
40499
27653
86587
55339
70879
40507
27673
40519
55343
27689
70891
40529
86599
27691
40531
55351
70901
27697
40543
86627
27701
40559
70913
55373
40577
27733
86629
70919
40583
27737
55381
40591
27739
86677
70921
40597
27743
55399
40609
70937
27749
86689
40627
27751
40637
70949
55411
86693
27763
40639
70951
27767
40693
55439
86711
40697
27773
70957
40699
27779
55441
40709
86719
27791
70969
40739
55457
27793
40751
86729
55469
27799
40759
70979
27803
40763
27809
55487
27817
70981
40771
86743
27823
40787
27827
55501
70991
27847
40801
27851
40813
27883
70997
55511
86753
27893
40819
27901
40823
70999
27917
55529
40829
27919
27941
71011
40841
86767
27943
40847
55541
27947
71023
27953
40849
27961
40853
27967
71039
55547
86771
40867
27983
27997
40879
71059
28001
55579
40883
28019
71069
28027
86783
40897
28031
55589
40903
28051
71081
28057
40927
28069
55603
40933
71089
28081
86813
28087
40939
28097
71119
40949
55609
28099
40961
28109
71129
28111
86837
40973
55619
28123
40993
28151
41011
28163
71143
55621
86843
41017
28181
55631
41023
28183
71147
41039
86851
28201
55633
28211
41047
71153
28219
41051
28229
55639
28277
41057
71161
86857
28279
41077
28283
55661
71167
28289
41081
28297
41113
28307
71171
86861
55663
41117
28309
28319
41131
71191
28349
41141
55667
28351
28387
41143
86869
71209
28393
55673
41149
28403
28409
55681
41161
28411
41177
71233
28429
55691
86923
28433
41179
28439
55697
41183
28447
71237
28463
41189
55711
86927
28477
41201
55717
28493
41203
71249
86929
41213
28499
55721
28513
41221
28517
86939
41227
28537
55733
71257
28541
41231
28547
86951
41233
28549
55763
28559
41243
71261
28571
41257
86959
28573
55787
41263
28579
28591
41269
71263
86969
28597
55793
41281
28603
28607
41299
86981
28619
71287
55799
41333
28621
28627
55807
41341
86993
71293
28631
41351
55813
28643
41357
87011
55817
28649
41381
71317
28657
55819
41387
87013
28661
71327
55823
41389
28663
87037
55829
71329
28669
41399
55837
28687
87041
71333
41411
55843
28697
71339
28703
41413
87049
55849
28711
28723
71341
41443
28729
87071
55871
28751
41453
71347
28753
28759
87083
41467
28771
55889
41479
28789
71353
28793
87103
41491
28807
55897
28813
71359
41507
28817
87107
28837
55901
41513
71363
28843
28859
87119
28867
41519
55903
71387
28871
41521
87121
28879
41539
55921
71389
28901
41543
87133
28909
41549
71399
55927
28921
41579
87149
71411
28927
41593
55931
28933
41597
71413
87151
41603
28949
55933
41609
71419
28961
87179
41611
28979
71429
55949
41617
29009
87181
41621
71437
29017
41627
55967
87187
29021
41641
71443
29023
55987
41647
29027
41651
29033
55997
29059
87211
41659
71453
29063
56003
41669
29077
41681
29101
56009
29123
41687
71471
87221
29129
56039
41719
29131
56041
29137
41729
71473
29147
87223
29153
41737
56053
71479
29167
41759
87251
29173
71483
41761
56081
29179
41771
87253
71503
29191
41777
56087
29201
41801
87257
71527
41809
29207
56093
41813
71537
29209
87277
41843
29221
71549
56099
41849
87281
29231
41851
71551
29243
56101
41863
87293
29251
41879
71563
29269
56113
41887
29287
87299
29297
71569
56123
41893
29303
87313
29311
41897
29327
41903
56131
29333
71593
87317
41911
29339
29347
41927
56149
29363
41941
87323
29383
71597
29387
41947
56167
29389
41953
87337
29399
41957
29401
71633
56171
29411
41959
87359
29423
41969
29429
56179
71647
29437
41981
87383
41983
29443
56197
41999
29453
87403
56207
71663
42013
29473
56209
42017
87407
29483
42019
56237
71671
29501
42023
87421
56239
29527
42043
56249
42061
29531
71693
87427
42071
56263
29537
42073
29567
56267
87433
71699
42083
29569
56269
42089
29573
87443
42101
56299
71707
29581
42131
56311
87473
29587
42139
42157
56333
29599
71711
87481
42169
29611
56359
42179
29629
56369
87491
42181
71713
29633
42187
56377
29641
87509
42193
56383
29663
71719
29669
42197
56393
29671
87511
29683
42209
29717
71741
42221
56401
87517
29723
42223
29741
56417
42227
87523
71761
29753
56431
42239
29759
42257
56437
87539
29761
42281
71777
56443
42283
29789
87541
56453
42293
29803
42299
71789
56467
29819
87547
42307
56473
29833
42323
87553
29837
71807
56477
42331
29851
42337
56479
87557
42349
29863
56489
71809
42359
29867
87559
56501
42373
29873
42379
56503
71821
29879
87583
42391
56509
29881
42397
56519
87587
29917
71837
42403
29921
42407
56527
29927
87589
71843
29947
42409
29959
56531
71849
87613
29983
42433
29989
30011
71861
56533
87623
42437
30013
30029
71867
30047
42443
56543
87629
30059
71879
30071
42451
30089
56569
87631
30091
71881
42457
56591
30097
42461
87641
30103
42463
56597
71887
42467
30109
56599
87643
42473
30113
56611
42487
71899
30119
87649
42491
56629
30133
30137
71909
87671
42499
30139
56633
30161
71917
30169
42509
87679
30181
56659
71933
30187
42533
30197
87683
30203
71941
56663
42557
30211
30223
87691
71947
42569
30241
56671
30253
71963
87697
30259
42571
30269
56681
30271
71971
42577
87701
30293
30307
71983
56687
42589
30313
87719
30319
71987
30323
42611
56701
30341
87721
30347
71993
42641
30367
56711
30389
87739
71999
42643
30391
30403
42649
56713
72019
30427
42667
87743
42677
30431
56731
42683
30449
72031
42689
30467
87751
56737
42697
30469
56747
42701
72043
87767
30491
42703
56767
30493
42709
56773
87793
72047
42719
30497
56779
30509
42727
72053
87797
56783
30517
42737
72073
30529
42743
56807
42751
30539
56809
87803
72077
42767
30553
56813
42773
30557
72089
42787
56821
30559
87811
42793
72091
56827
30577
42797
30593
72101
56843
42821
30631
42829
56857
87833
72103
42839
30637
56873
42841
72109
30643
56891
42853
30649
87853
72139
42859
56893
30661
42863
56897
72161
30671
42899
56909
87869
42901
30677
72167
42923
56911
30689
72169
42929
30697
56921
42937
87877
72173
30703
56923
42943
30707
42953
56929
72211
30713
42961
56941
87881
72221
42967
30727
56951
42979
30757
72223
30763
42989
56957
30773
87887
43003
72227
30781
43013
30803
56963
30809
72229
43019
30817
43037
87911
30829
72251
56983
30839
43049
30841
43051
72253
30851
56989
43063
30853
87917
72269
30859
43067
30869
43093
56993
30871
72271
30881
43103
87931
30893
43117
72277
56999
30911
43133
30931
72287
30937
43151
57037
30941
87943
43159
30949
72307
30971
43177
57041
30977
43189
72313
30983
43201
31013
87959
57047
72337
31019
43207
31033
43223
31039
72341
57059
31051
43237
87961
31063
72353
43261
31069
57073
31079
43271
31081
72367
87973
57077
31091
43283
31121
57089
72379
31123
43291
31139
57097
31147
72383
87977
43313
31151
57107
31153
72421
31159
57119
43319
31177
87991
72431
57131
31181
43321
31183
57139
31189
88001
43331
31193
72461
57143
31219
43391
31223
57149
88003
31231
72467
31237
43397
57163
31247
72469
57173
31249
43399
88007
31253
57179
72481
31259
43403
31267
57191
31271
72493
43411
31277
57193
88019
31307
72497
31319
43427
57203
31321
72503
31327
57221
43441
31333
88037
57223
31337
72533
43451
31357
57241
31379
72547
43457
31387
57251
88069
31391
72551
31393
43481
57259
31397
72559
31469
57269
43487
31477
88079
57271
31481
72577
43499
31489
57283
31511
72613
43517
31513
57287
88093
31517
72617
31531
43541
57301
31541
31543
72623
57329
43543
31547
88117
57331
31567
72643
43573
31573
57347
31583
72647
43577
31601
88129
57349
31607
31627
43579
72649
57367
31643
43591
57373
72661
31649
88169
43597
31657
57383
31663
72671
43607
31667
57389
31687
72673
88177
43609
31699
57397
31721
72679
43613
57413
31723
31727
57427
72689
31729
88211
43627
31741
57457
31751
72701
43633
31769
57467
31771
72707
88223
43649
31793
57487
31799
72719
43651
31817
57493
31847
88237
72727
31849
43661
57503
31859
31873
88241
72733
43669
31883
57527
31891
72739
43691
88259
31907
31957
72763
57529
43711
31963
88261
31973
72767
31981
43717
57557
31991
88289
32003
72797
43721
32009
57559
88301
32027
72817
43753
32029
32051
57571
72823
43759
88321
32057
32059
57587
43777
72859
32063
32069
57593
32077
43781
88327
72869
57601
32083
43783
72871
32089
57637
88337
32099
43787
57641
72883
32117
88339
43789
32119
43793
57649
32141
72889
88379
32143
43801
32159
43853
57653
32173
88397
72893
43867
32183
57667
32189
43889
72901
88411
57679
32191
43891
72907
57689
32203
88423
43913
32213
72911
43933
57697
32233
32237
72923
43943
88427
32251
57709
32257
72931
43951
32261
32297
57713
72937
43961
32299
88463
32303
43963
32309
72949
57719
32321
43969
32323
72953
88469
32327
57727
43973
32341
43987
57731
72959
32353
88471
32359
43991
57737
72973
43997
32363
88493
72977
44017
32369
57751
44021
88499
32371
72997
44027
57773
32377
44029
73009
88513
32381
44041
57781
73013
44053
32401
88523
44059
32411
73019
57787
44071
88547
32413
44087
73037
32423
57791
44089
88589
32429
73039
44101
57793
32441
44111
88591
73043
44119
32443
57803
44123
73061
88607
32467
44129
32479
73063
57809
44131
88609
32491
44159
73079
32497
57829
44171
88643
32503
57839
32507
73091
44179
32531
88651
57847
32533
44189
32537
57853
73121
88657
32561
44201
57859
32563
73127
32569
44203
57881
88661
44207
32573
73133
44221
32579
57899
88663
44249
73141
32587
44257
32603
73181
88667
57901
44263
32609
44267
32611
88681
32621
44269
57917
73189
32633
44273
32647
88721
44279
32653
57923
73237
32687
44281
57943
44293
32693
88729
73243
57947
44351
32707
44357
57973
73259
32713
44371
57977
88741
32717
44381
73277
57991
32719
44383
73291
44389
58013
32749
88747
44417
58027
32771
73303
44449
32779
58031
88771
44453
32783
73309
44483
32789
58043
32797
44491
73327
32801
88789
44497
32803
58049
44501
73331
32831
44507
88793
32833
73351
44519
58057
32839
44531
88799
73361
58061
32843
44533
73363
58067
32869
88801
58073
32887
44537
73369
88807
32909
58099
44543
73379
32911
58109
88811
44549
73387
32917
58111
32933
44563
88813
73417
58129
44579
32939
58147
73421
44587
32941
58151
44617
88817
73433
32957
44621
58153
32969
44623
73453
58169
32971
44633
88819
73459
32983
58171
32987
44641
32993
73471
88843
32999
44647
58189
33013
73477
88853
33023
44651
33029
58193
73483
33037
88861
44657
33049
73517
58199
33053
44683
33071
88867
73523
33073
58207
44687
33083
88873
33091
73529
44699
58211
33107
44701
88883
58217
33113
44711
73547
58229
44729
33119
88897
44741
58231
33149
73553
44753
88903
33151
44771
58237
73561
33161
44773
88919
73571
33179
44777
58243
44789
88937
33181
73583
44797
33191
58271
44809
88951
73589
33199
44819
58309
33203
73597
44839
88969
44843
33211
73607
58313
44851
88993
33223
44867
73609
33247
58321
88997
44879
33287
73613
58337
44887
33289
89003
73637
58363
33301
44893
58367
89009
73643
33311
44909
58369
33317
73651
89017
58379
44917
33329
73673
58391
89021
33331
44927
58393
73679
44939
89041
58403
44953
73681
44959
58411
89051
73693
44963
58417
44971
89057
73699
58427
44983
58439
89069
44987
73709
58441
45007
89071
58451
73721
45013
58453
89083
45053
73727
58477
89087
58481
45061
73751
58511
45077
89101
45083
58537
73757
45119
89107
58543
73771
45121
58549
45127
89113
73783
45131
58567
45137
89119
73819
58573
45139
58579
73823
45161
89123
58601
45179
73847
89137
45181
58603
45191
73849
58613
89153
45197
73859
58631
45233
89189
45247
58657
73867
45259
58661
89203
73877
45263
58679
45281
73883
89209
58687
45289
45293
73897
58693
89213
45307
58699
73907
45317
89227
58711
45319
73939
45329
58727
89231
73943
45337
58733
45341
89237
73951
58741
45343
58757
45361
73961
89261
45377
58763
73973
45389
89269
58771
45403
73999
58787
45413
89273
45427
58789
74017
89293
45433
58831
74021
45439
58889
89303
45481
74027
58897
45491
89317
74047
45497
58901
45503
58907
74051
89329
45523
58909
45533
74071
89363
58913
45541
74077
58921
45553
89371
58937
45557
74093
45569
89381
58943
45587
74099
58963
89387
45589
74101
58967
45599
89393
58979
45613
74131
45631
58991
89399
74143
45641
58997
45659
74149
89413
59009
45667
45673
59011
74159
89417
45677
59021
74161
45691
89431
59023
45697
74167
59029
45707
89443
74177
45737
59051
45751
59053
74189
89449
45757
59063
45763
74197
89459
45767
59069
74201
45779
89477
59077
45817
74203
59083
45821
89491
74209
45823
59093
45827
89501
74219
59107
45833
74231
89513
45841
59113
45853
59119
74257
89519
45863
59123
45869
74279
89521
59141
45887
74287
45893
59149
89527
45943
74293
59159
45949
89533
59167
74297
45953
45959
59183
74311
89561
45971
59197
45979
74317
89563
59207
45989
74323
59209
46021
89567
46027
59219
74353
46049
89591
59221
74357
46051
59233
46061
89597
74363
59239
46073
46091
74377
89599
59243
46093
59263
74381
46099
89603
59273
46103
74383
46133
89611
59281
74411
46141
59333
89627
46147
74413
59341
46153
89633
59351
46171
74419
46181
59357
74441
89653
46183
59359
46187
74449
89657
59369
46199
74453
59377
46219
89659
46229
59387
74471
46237
89669
59393
74489
46261
59399
46271
89671
74507
59407
46273
74509
46279
89681
59417
46301
59419
74521
46307
89689
59441
46309
74527
46327
89753
59443
74531
46337
59447
89759
46349
74551
59453
46351
89767
59467
74561
46381
46399
59471
74567
89779
46411
59473
46439
74573
89783
59497
46441
74587
59509
46447
89797
46451
59513
74597
46457
89809
59539
74609
46471
59557
46477
89819
74611
46489
59561
46499
74623
89821
59567
46507
59581
74653
46511
89833
59611
46523
74687
89839
46549
59617
74699
46559
59621
89849
46567
74707
59627
46573
89867
59629
74713
46589
46591
59651
74717
89891
46601
59659
46619
74719
89897
59663
46633
74729
46639
59669
89899
46643
74731
59671
46649
89909
59693
74747
46663
59699
46679
74759
89917
46681
59707
46687
74761
89923
59723
46691
74771
59729
46703
89939
46723
59743
74779
46727
89959
59747
74797
46747
59753
46751
89963
74821
59771
46757
74827
46769
89977
59779
46771
59791
74831
89983
46807
59797
46811
74843
89989
46817
59809
74857
46819
59833
90001
46829
74861
59863
46831
90007
59879
74869
46853
46861
59887
74873
90011
46867
59921
46877
74887
90017
59929
46889
74891
59951
46901
90019
46919
74897
59957
46933
90023
59971
74903
46957
59981
46993
90031
74923
46997
59999
74929
47017
90053
60013
47041
74933
60017
47051
90059
47057
74941
60029
47059
90067
60037
74959
47087
60041
47093
90071
75011
47111
60077
75013
90073
47119
60083
47123
75017
60089
90089
47129
47137
60091
75029
90107
47143
60101
75037
47147
60103
90121
47149
75041
60107
47161
90127
75079
47189
60127
47207
75083
90149
60133
47221
60139
47237
75109
90163
47251
60149
75133
47269
90173
60161
47279
75149
60167
47287
90187
75161
60169
47293
47297
60209
90191
75167
47303
60217
47309
60223
47317
75169
90197
60251
47339
47351
60257
47353
75181
60259
90199
47363
60271
75193
47381
90203
60289
47387
75209
47389
60293
90217
75211
47407
60317
47417
90227
75217
60331
47419
47431
90239
60337
75223
47441
60343
75227
90247
47459
60353
47491
75239
90263
60373
47497
75253
47501
60383
90271
47507
75269
60397
47513
90281
75277
60413
47521
90289
47527
60427
75289
60443
90313
47533
60449
75307
47543
90353
60457
47563
60493
75323
90359
60497
47569
90371
75329
60509
47581
47591
60521
90373
75337
47599
60527
75347
47609
90379
60539
47623
75353
47629
60589
90397
47639
75367
60601
90401
47653
60607
75377
47657
90403
60611
47659
75389
47681
60617
90407
75391
47699
60623
47701
75401
90437
60631
47711
60637
75403
47713
90439
47717
60647
75407
47737
90469
60649
47741
75431
60659
47743
90473
75437
60661
47777
90481
47779
60679
75479
47791
60689
90499
47797
75503
60703
47807
90511
75511
60719
47809
47819
60727
75521
90523
47837
60733
75527
47843
90527
60737
47857
75533
60757
47869
90529
75539
47881
60761
47903
90533
60763
75541
47911
60773
47917
90547
75553
47933
60779
75557
90583
47939
60793
47947
75571
60811
90599
47951
75577
60821
47963
90617
47969
60859
75583
47977
60869
90619
75611
47981
60887
48017
90631
75617
60889
48023
48029
75619
60899
90641
48049
60901
75629
48073
90647
60913
48079
75641
60917
48091
90659
75653
48109
60919
90677
48119
60923
75659
48121
60937
90679
48131
75679
60943
48157
75683
90697
48163
60953
48179
75689
60961
90703
48187
61001
75703
48193
90709
48197
61007
75707
48221
61027
90731
48239
75709
61031
48247
90749
75721
61043
48259
48271
61051
75731
90787
48281
61057
75743
48299
90793
61091
48311
75767
61099
48313
90803
48337
75773
61121
90821
48341
61129
75781
48353
61141
90823
48371
75787
61151
48383
75793
90833
48397
61153
48407
75797
61169
90841
48409
61211
75821
48413
90847
48437
61223
75833
48449
61231
90863
75853
48463
61253
48473
90887
75869
61261
48479
48481
90901
61283
75883
48487
61291
75913
90907
48491
61297
48497
75931
90911
61331
48523
75937
48527
61333
90917
48533
75941
61339
48539
90931
61343
75967
48541
61357
48563
90947
75979
48571
61363
48589
75983
90971
61379
48593
75989
61381
48611
90977
61403
48619
75991
48623
90989
61409
75997
48647
61417
90997
48649
76001
61441
48661
91009
76003
48673
61463
48677
61469
76031
91019
48679
61471
48731
76039
91033
61483
48733
76079
48751
61487
91079
48757
76081
61493
48761
91081
61507
76091
48767
61511
48779
91097
76099
48781
61519
76103
48787
91099
61543
48799
76123
61547
91121
48809
61553
76129
48817
91127
48821
61559
76147
48823
61561
91129
48847
76157
61583
48857
91139
76159
61603
48859
48869
61609
48871
76163
61613
91141
48883
61627
48889
76207
91151
61631
48907
48947
61637
76213
91153
48953
61643
76231
48973
91159
61651
48989
76243
61657
48991
91163
49003
76249
61667
91183
49009
76253
61673
49019
91193
61681
76259
49031
61687
49033
91199
76261
49037
61703
76283
91229
49043
61717
49057
76289
61723
91237
49069
76303
61729
49081
91243
49103
61751
76333
49109
61757
91249
76343
49117
61781
49121
91253
76367
61813
49123
49139
76369
91283
61819
49157
61837
76379
49169
91291
61843
49171
76387
91297
49177
61861
76403
61871
49193
91303
76421
49199
61879
49201
76423
61909
91309
49207
61927
76441
49211
91331
49223
61933
76463
49253
61949
91367
76471
61961
49261
76481
61967
49277
91369
61979
76487
49279
61981
91373
49297
76493
49307
61987
91381
76507
49331
61991
49333
76511
62003
91387
49339
62011
76519
49363
91393
62017
49367
76537
49369
91397
62039
76541
49391
62047
91411
49393
76543
62053
49409
91423
76561
62057
49411
49417
62071
76579
91433
49429
62081
76597
49433
91453
62099
49451
76603
49459
62119
91457
76607
49463
62129
49477
91459
76631
62131
49481
62137
91463
49499
76649
49523
62141
76651
91493
49529
62143
76667
49531
91499
62171
49537
76673
62189
49547
91513
76679
49549
62191
49559
91529
62201
76697
49597
62207
91541
49603
76717
62213
49613
76733
91571
49627
62219
49633
76753
62233
91573
49639
76757
62273
49663
91577
49667
62297
76771
49669
91583
62299
76777
49681
62303
49697
91591
76781
62311
49711
49727
62323
91621
76801
49739
62327
76819
91631
49741
62347
49747
76829
91639
62351
49757
76831
49783
62383
91673
49787
76837
62401
49789
91691
62417
76847
49801
62423
49807
91703
76871
49811
62459
49823
76873
91711
62467
49831
76883
62473
91733
49843
49853
62477
76907
91753
49871
62483
76913
49877
62497
91757
49891
76919
62501
49919
91771
76943
62507
49921
49927
62533
91781
76949
49937
62539
76961
49939
91801
62549
49943
76963
91807
62563
49957
76991
49991
62581
91811
49993
77003
62591
49999
91813
62597
77017
62603
91823
77023
62617
77029
91837
62627
77041
62633
91841
62639
77047
62653
91867
77069
62659
91873
62683
77081
62687
91909
77093
62701
77101
91921
62723
77137
62731
91939
62743
77141
91943
62753
77153
62761
91951
77167
62773
91957
77171
62791
77191
62801
91961
62819
77201
91967
62827
77213
62851
91969
77237
62861
91997
77239
62869
92003
62873
77243
62897
77249
92009
62903
77261
92033
62921
77263
62927
92041
77267
62929
92051
62939
77269
62969
92077
77279
62971
92083
77291
62981
92107
77317
62983
62987
77323
92111
62989
77339
92119
63029
77347
63031
92143
77351
63059
92153
63067
77359
63073
92173
77369
63079
77377
92177
63097
77383
63103
92179
63113
77417
63127
92189
63131
77419
63149
92203
63179
77431
63197
92219
77447
63199
77471
92221
63211
77477
63241
92227
77479
63247
92233
77489
63277
92237
63281
77491
63299
77509
92243
63311
77513
92251
63313
77521
63317
92269
63331
77527
92297
63337
77543
63347
92311
77549
63353
92317
77551
63361
63367
77557
92333
63377
77563
92347
63389
77569
63391
92353
77573
63397
92357
63409
77587
63419
92363
77591
63421
77611
92369
63439
77617
63443
92377
77621
63463
92381
63467
77641
92383
63473
77647
63487
92387
77659
63493
92399
77681
63499
63521
77687
92401
63527
77689
92413
63533
77699
63541
92419
77711
63559
92431
77713
63577
92459
63587
77719
63589
77723
92461
63599
77731
92467
63601
77743
63607
92479
77747
63611
92489
63617
77761
63629
92503
77773
63647
92507
77783
63649
77797
92551
63659
77801
63667
92557
63671
77813
92567
63689
77839
63691
92569
77849
63697
92581
77863
63703
63709
77867
92593
63719
77893
92623
63727
77899
63737
92627
63743
77929
92639
63761
77933
63773
92641
77951
63781
92647
77969
63793
63799
77977
92657
63803
77983
92669
63809
77999
63823
92671
78007
63839
92681
63841
78017
92683
63853
78031
63857
92693
78041
63863
78049
92699
63901
78059
63907
92707
63913
78079
92717
63929
78101
63949
92723
78121
63977
92737
78137
63997
92753
78139
64007
64013
78157
92761
64019
78163
92767
64033
78167
64037
92779
78173
64063
92789
64067
78179
64081
92791
78191
64091
78193
92801
64109
78203
64123
92809
78229
64151
92821
64153
78233
92831
64157
78241
64171
92849
78259
64187
92857
78277
64189
78283
92861
64217
64223
78301
92863
64231
78307
92867
64237
78311
64271
92893
78317
64279
92899
78341
64283
64301
92921
78347
64303
78367
92927
64319
78401
64327
92941
78427
64333
92951
64373
78437
64381
92957
78439
64399
92959
78467
64403
92987
64433
78479
64439
78487
92993
64451
78497
93001
64453
78509
64483
93047
78511
64489
93053
64499
78517
64513
93059
78539
64553
78541
93077
64567
78553
64577
93083
64579
78569
93089
64591
78571
64601
93097
78577
64609
93103
78583
64613
93113
64621
78593
64627
78607
93131
64633
78623
93133
64661
78643
64663
93139
78649
64667
93151
64679
78653
64693
93169
78691
64709
78697
93179
64717
78707
93187
64747
78713
64763
93199
64781
78721
93229
64783
78737
64793
93239
78779
64811
93241
78781
64817
64849
78787
93251
64853
78791
93253
64871
78797
64877
93257
78803
64879
93263
78809
64891
64901
93281
78823
64919
78839
93283
64921
78853
93287
64927
78857
64937
93307
78877
64951
93319
64969
78887
64997
93323
78889
65003
78893
93329
65011
65027
78901
93337
65029
78919
65033
93371
78929
65053
93377
78941
65063
93383
65071
78977
65089
78979
93407
65099
78989
93419
65101
79031
65111
93427
79039
65119
93463
65123
79043
65129
93479
79063
65141
79087
93481
65147
79103
93487
65167
79111
65171
93491
79133
65173
93493
65179
79139
65183
93497
79147
65203
93503
79151
65213
79153
93523
65239
65257
79159
93529
65267
79181
93553
65269
79187
65287
93557
79193
65293
93559
79201
65309
65323
79229
93563
65327
79231
93581
65353
79241
93601
65357
79259
65371
93607
79273
65381
93629
65393
79279
65407
93637
79283
65413
79301
93683
65419
79309
93701
65423
79319
65437
93703
65447
79333
93719
65449
79337
65479
93739
79349
65497
93761
79357
65519
79367
93763
65521
65537
79379
93787
65539
79393
93809
65543
79397
65551
93811
79399
65557
93827
79411
65563
65579
93851
79423
65581
79427
93871
65587
79433
93887
65599
79451
65609
93889
65617
79481
93893
65629
79493
65633
93901
79531
65647
93911
79537
65651
79549
65657
93913
65677
79559
93923
65687
79561
93937
65699
79579
65701
93941
79589
65707
93949
65713
79601
65717
79609
93967
65719
79613
93971
65729
79621
65731
93979
79627
65761
93983
65777
79631
93997
65789
79633
65809
94007
79657
65827
79669
94009
65831
79687
65837
94033
65839
79691
94049
65843
79693
65851
94057
79697
65867
94063
79699
65881
94079
79757
65899
65921
79769
94099
65927
79777
94109
65929
79801
65951
94111
79811
65957
94117
79813
65963
94121
65981
79817
65983
79823
94151
65993
79829
94153
66029
79841
66037
94169
79843
66041
94201
66047
79847
66067
94207
79861
66071
94219
79867
66083
79873
94229
66089
79889
66103
94253
66107
79901
94261
66109
79903
66137
94273
79907
66161
94291
79939
66169
79943
66173
94307
66179
79967
94309
66191
79973
94321
66221
79979
66239
94327
79987
66271
94331
79997
66293
66301
79999
94343
66337
80021
94349
66343
80039
94351
66347
80051
66359
94379
80071
66361
94397
66373
80077
66377
94399
80107
66383
80111
94421
66403
80141
66413
94427
80147
66431
94433
66449
80149
94439
66457
80153
66463
94441
80167
66467
80173
94447
66491
80177
66499
94463
66509
80191
94477
66523
80207
94483
66529
80209
66533
94513
80221
66541
94529
80231
66553
66569
80233
94531
66571
80239
94541
66587
80251
66593
94543
80263
66601
94547
80273
66617
94559
66629
80279
66643
80287
94561
66653
80309
94573
80317
94583
80329
94597
80341
94603
80347
80363
94613
80369
94621
80387
94649
80407
94651
80429
94687
80447
94693
80449
80471
94709
80473
94723
80489
94727
80491
94747
80513
94771
80527
94777
80537
80557
94781
80567
94789
80599
94793
80603
94811
80611
94819
80621
94823
80627
80629
94837
80651
94841
80657
94847
80669
94849
80671
94873
80677
80681
94889
80683
94903
80687
94907
80701
94933
80713
94949
80737
94951
80747
80749
94961
80761
94993
80777
94999
80779
95003
80783
95009
80789
95021
80803
80809
95027
80819
95063
80831
95071
80833
95083
80849
95087
80863
95089
80897
80909
95093
80911
95101
80917
95107
80923
95111
80929
95131
80933
95143
80953
80963
95153
80989
95177
81001
95189
81013
95191
81017
95203
81019
95213
81023
81031
95219
81041
95231
81043
95233
81047
95239
81049
95257
81071
95261
81077
81083
95267
81097
95273
81101
95279
81119
95287
81131
95311
81157
81163
95317
81173
95327
81181
95339
81197
95369
81199
95383
81203
95393
81223
81233
95401
81239
95413
81281
95419
81283
95429
81293
95441
81299
95443
81307
81331
95461
81343
95467
81349
95471
81353
95479
81359
95483
81371
95507
81373
81401
95527
81409
95531
81421
95539
81439
95549
81457
95561
81463
95569
81509
81517
95581
81527
95597
81533
95603
81547
95617
81551
95621
81553
95629
81559
81563
95633
81569
95651
81611
95701
81619
95707
81629
95713
81637
95717
81647
81649
95723
81667
95731
81671
95737
81677
95747
81689
95773
81701
95783
81703
81707
95789
81727
95791
81737
95801
81749
95803
81761
95813
81769
95819
81773
81799
95857
81817
95869
81839
95873
81847
95881
81853
95891
81869
95911
81883
81899
95917
81901
95923
81919
95929
81929
95947
81931
95957
81937
95959
81943
81953
95971
81967
95987
81971
95989
81973
96001
82003
96013
82007
96017
82009
82013
96043
82021
96053
82031
96059
82037
96079
82039
96097
82051
82067
96137
82073
96149
82129
96157
82139
96167
82141
96179
82153
96181
82163
82171
96199
82183
96211
82189
96221
82193
96223
82207
96233
82217
96259
82219
82223
96263
82231
96269
82237
96281
82241
96289
82261
96293
82267
96323
82279
82301
96329
82307
96331
82339
96337
82349
96353
82351
96377
82361
96401
82373
82387
96419
82393
96431
82421
96443
82457
96451
82463
96457
82469
82471
96461
82483
96469
82487
96479
82493
96487
82499
96493
82507
96497
82529
82531
96517
82549
96527
82559
96553
82561
96557
82567
96581
82571
96587
82591
82601
96589
82609
96601
82613
96643
82619
96661
82633
96667
82651
96671
82657
82699
96697
82721
96703
82723
96731
82727
96737
82729
96739
82757
96749
82759
82763
96757
82781
96763
82787
96769
82793
96779
82799
96787
82811
96797
82813
82837
96799
82847
96821
82883
96823
82889
96827
82891
96847
82903
96851
82913
82939
96857
82963
96893
82981
96907
82997
96911
83003
96931
83009
96953
83023
83047
96959
83059
96973
83063
96979
83071
96989
83077
96997
83089
97001
83093
83101
97003
83117
97007
83137
97021
83177
97039
83203
97073
83207
97081
83219
83221
97103
83227
97117
83231
97127
83233
97151
83243
97157
83257
83267
97159
83269
97169
83273
97171
83299
97177
83311
97187
97213
97231
97241
97259
97283
97301
97303
97327
97367
97369
97373
97379
97381
97387
97397
97423
97429
97441
97453
97459
97463
97499
97501
97511
97523
97547
97549
97553
97561
97571
97577
97579
97583
97607
97609
97613
97649
97651
97673
97687
97711
97729
97771
97777
97787
97789
97813
97829
97841
97843
97847
97849
97859
97861
97871
97879
97883
97919
97927
97931
97943
97961
97967
97973
97987
98009
98011
98017
98041
98047
98057
98081
98101
98123
98129
98143
98179
98207
98213
98221
98227
98251
98257
98269
98297
98299
98317
98321
98323
98327
98347
98369
98377
98387
98389
98407
98411
98419
98429
98443
98453
98459
98467
98473
98479
98491
98507
98519
98533
98543
98561
98563
98573
98597
98621
98627
98639
98641
98663
98669
98689
98711
98713
98717
98729
98731
98737
98773
98779
98801
98807
98809
98837
98849
98867
98869
98873
98887
98893
98897
98899
98909
98911
98927
98929
98939
98947
98953
98963
98981
98993
98999
99013
99017
99023
99041
99053
99079
99083
99089
99103
99109
99119
99131
99133
99137
99139
99149
99173
99181
99191
99223
99233
99241
99251
99257
99259
99277
99289
99317
99347
99349
99367
99371
99377
99391
99397
99401
99409
99431
99439
99469
99487
99497
99523
99527
99529
99551
99559
99563
99571
99577
99581
99607
99611
99623
99643
99661
99667
99679
99689
99707
99709
99713
99719
99721
99733
99761
99767
99787
99793
99809
99817
99823
99829
99833
99839
99859
99871
99877
99881
99901
99907
99923
99929
99961
99971
99989
99991
